'FlashMan (0.5, 0.5)','0.0',-45.0,-35.0,-50.0,-50.0,-50.0,-40.0,-35.0,-45.0,-35.0,-50.0,-40.0,-45.0,-35.0,-40.0,-40.0,-40.0,-40.0,-45.0,-35.0,-50.0,-40.0,-40.0,-45.0,-30.0,-45.0,-40.0,-40.0,-45.0,-30.0,-50.0,-40.0,-35.0,-30.0,-30.0,-50.0,-45.0,-30.0,-45.0,-30.0,-45.0,-45.0,-50.0,-50.0,-25.0,-50.0,-40.0,-45.0,-50.0,-50.0,-40.0,-35.0,-45.0,-40.0,-50.0,-45.0,-40.0,-50.0,-35.0,-45.0,-50.0,-40.0,-45.0,-40.0,-50.0,-40.0,-45.0,-40.0,-30.0,-45.0,-50.0,-40.0,-40.0,-35.0,-50.0,-45.0,-45.0,-45.0,-45.0,-35.0,-50.0,-45.0,-50.0,-40.0,-35.0,-50.0,-35.0,-45.0,-50.0,-45.0,-35.0,-45.0,-40.0,-50.0,-40.0,-40.0,-50.0,-50.0,-50.0,-45.0,-45.0,-35.0,-50.0,-40.0,-45.0,-35.0,-45.0,-35.0,-45.0,-50.0,-50.0,-35.0,-40.0,-40.0,-50.0,-45.0,-45.0,-40.0,-35.0,-50.0,-45.0,-40.0,-45.0,-45.0,-40.0,-40.0,-45.0,-45.0,-40.0,-45.0,-50.0,-50.0,-50.0,-30.0,-50.0,-45.0,-40.0,-50.0,-40.0,-50.0,-50.0,-50.0,-40.0,-40.0,-45.0,-45.0,-45.0,-50.0,-50.0,-45.0,-45.0,-50.0,-35.0,-45.0,-40.0,-50.0,-45.0,-45.0,-45.0,-45.0,-40.0,-45.0,-45.0,-35.0,-40.0,-50.0,-35.0,-35.0,-45.0,-35.0,-45.0,-40.0,-45.0,-45.0,-45.0,-50.0,-45.0,-35.0,-35.0,-50.0,-45.0,-40.0,-45.0,-40.0,-35.0,-30.0,-40.0,-50.0,-45.0,-35.0,-35.0,-35.0,-45.0,-40.0,-40.0,-45.0,-50.0,-45.0,-30.0,-40.0,-40.0,-35.0,-40.0,-45.0,-45.0,-40.0,-45.0,-45.0,-45.0,-45.0,-40.0,-40.0,-40.0,-45.0,-45.0,-45.0,-40.0,-40.0,-45.0,-30.0,-45.0,-30.0,-45.0,-45.0,-45.0,-45.0,-50.0,-25.0,-50.0,-45.0,-50.0,-45.0,-50.0,-45.0,-40.0,-45.0,-50.0,-45.0,-25.0,-40.0,-45.0,-45.0,-45.0,-40.0,-50.0,-45.0,-35.0,-50.0,-45.0,-50.0,-50.0,-50.0,-40.0,-40.0,-45.0,-45.0,-40.0,-50.0,-50.0,-45.0,-40.0,-45.0,-50.0,-45.0,-50.0,-50.0,-45.0,-35.0,-40.0,-45.0,-40.0,-40.0,-45.0,-40.0,-45.0,-45.0,-35.0,-45.0,-45.0,-35.0,-50.0,-50.0,-45.0,-40.0,-45.0,-40.0,-40.0,-45.0,-45.0,-45.0,-45.0,-35.0,-45.0,-50.0,-50.0,-50.0,-45.0,-45.0,-45.0,-40.0,-45.0,-45.0,-30.0,-40.0,-45.0,-35.0,-45.0,-45.0,-40.0,-50.0,-50.0,-45.0,-40.0,-50.0,-40.0,-50.0,-45.0,-45.0,-40.0,-45.0,-50.0,-45.0,-45.0,-45.0,-45.0,-40.0,-45.0,-45.0,-50.0,-45.0,-40.0,-25.0,-45.0,-40.0,-45.0,-40.0,-50.0,-50.0,-50.0,-50.0,-45.0,-45.0,-45.0,-50.0,-30.0,-40.0,-45.0,-45.0,-50.0,-45.0,-40.0,-45.0,-35.0,-45.0,-50.0,-40.0,-40.0,-35.0,-50.0,-40.0,-50.0,-45.0,-45.0,-35.0,-45.0,-45.0,-45.0,-50.0,-35.0,-50.0,-45.0,-45.0,-50.0,-50.0,-40.0,-30.0,-50.0,-50.0,-50.0,-35.0,-40.0,-40.0,-35.0,-45.0,-45.0,-45.0,-45.0,-45.0,-50.0,-50.0,-35.0,-45.0,-45.0,-50.0,-45.0,-50.0,-50.0,-50.0,-40.0,-40.0,-40.0,-40.0,-40.0,-35.0,-45.0,-50.0,-40.0,-40.0,-50.0,-50.0,-50.0,-50.0,-50.0,-45.0,-45.0,-40.0,-50.0,-50.0,-50.0,-50.0,-35.0,-45.0,-40.0,-40.0,-30.0,-45.0,-45.0,-50.0,-50.0,-45.0,-45.0,-45.0,-35.0,-50.0,-45.0,-40.0,-40.0,-50.0,-50.0,-45.0,-50.0,-35.0,-50.0,-45.0,-50.0,-50.0,-50.0,-35.0,-45.0,-50.0,-45.0,-45.0,-45.0,-45.0,-40.0,-50.0,-40.0,-50.0,-45.0,-50.0,-40.0,-45.0,-50.0,-40.0,-45.0,-40.0,-35.0,-50.0,-50.0,-50.0,-40.0,-50.0,-40.0,-40.0,-50.0,-45.0,-50.0,-40.0,-50.0,-50.0,-50.0,-30.0,-40.0,-45.0,-45.0,-50.0,-50.0,-40.0,-40.0,-45.0,-50.0,-45.0,-40.0,-45.0,-45.0,-45.0,-50.0,-50.0,-45.0,-50.0,-40.0,-50.0,-45.0,-45.0,-40.0,-40.0,-45.0,-45.0,-35.0,-45.0,-35.0,-50.0,-50.0,-45.0,-50.0,-45.0,-40.0,-45.0,-45.0,-45.0,-45.0,-50.0,-45.0,-45.0,-40.0,-40.0,-45.0,-45.0,-45.0,-50.0,-50.0,-40.0,-40.0,-40.0,-45.0,-50.0,-20.0,-40.0,-50.0,-45.0,-45.0,-35.0,-50.0,-30.0,-45.0,-35.0,-50.0,-40.0,-40.0,-45.0,-45.0,-50.0,-50.0,-45.0,-50.0,-45.0,-50.0,-45.0,-35.0,-45.0,-50.0,-50.0,-50.0,-40.0,-50.0,-45.0,-40.0,-50.0,-40.0,-35.0,-40.0,-50.0,-40.0,-50.0,-45.0,-45.0,-40.0,-45.0,-40.0,-45.0,-30.0,-40.0,-50.0,-45.0,-45.0,-45.0,-45.0,-50.0,-45.0,-35.0,-50.0,-40.0,-35.0,-45.0,-45.0,-40.0,-50.0,-50.0,-50.0,-40.0,-45.0,-50.0,-40.0,-45.0,-50.0,-50.0,-45.0,-30.0,-40.0,-40.0,-40.0,-35.0,-45.0,-40.0,-50.0,-40.0,-40.0,-45.0,-50.0,-50.0,-35.0,-45.0,-50.0,-45.0,-50.0,-50.0,-50.0,-45.0,-35.0,-40.0,-40.0,-45.0,-45.0,-45.0,-30.0,-50.0,-50.0,-40.0,-30.0,-45.0,-50.0,-35.0,-45.0,-45.0,-40.0,-45.0,-35.0,-50.0,-45.0,-45.0,-40.0,-40.0,-45.0,-50.0,-35.0,-45.0,-45.0,-40.0,-45.0,-45.0,-45.0,-45.0,-50.0,-45.0,-50.0,-40.0,-45.0,-35.0,-40.0,-30.0,-40.0,-45.0,-45.0,-40.0,-50.0,-45.0,-50.0,-50.0,-50.0,-35.0,-40.0,-45.0,-40.0,-45.0,-50.0,-50.0,-35.0,-50.0,-50.0,-35.0,-50.0,-40.0,-50.0,-40.0,-35.0,-30.0,-40.0,-45.0,-40.0,-40.0,-45.0,-50.0,-50.0,-40.0,-40.0,-45.0,-45.0,-40.0,-50.0,-45.0,-45.0,-50.0,-45.0,-45.0,-35.0,-45.0,-40.0,-50.0,-35.0,-30.0,-40.0,-45.0,-50.0,-50.0,-50.0,-50.0,-40.0,-35.0,-50.0,-35.0,-45.0,-50.0,-30.0,-50.0,-45.0,-35.0,-35.0,-50.0,-45.0,-40.0,-50.0,-40.0,-35.0,-45.0,-40.0,-45.0,-50.0,-50.0,-40.0,-50.0,-50.0,-45.0,-45.0,-35.0,-50.0,-50.0,-40.0,-45.0,-45.0,-30.0,-50.0,-40.0,-50.0,-50.0,-40.0,-50.0,-40.0,-45.0,-50.0,-50.0,-35.0,-40.0,-45.0,-45.0,-45.0,-30.0,-40.0,-50.0,-50.0,-40.0,-35.0,-40.0,-40.0,-35.0,-45.0,-45.0,-40.0,-45.0,-50.0,-40.0,-50.0,-50.0,-50.0,-50.0,-35.0,-50.0,-50.0,-35.0,-45.0,-45.0,-30.0,-45.0,-45.0,-35.0,-45.0,-30.0,-45.0,-45.0,-25.0,-50.0,-50.0,-20.0,-40.0,-50.0,-50.0,-45.0,-50.0,-50.0,-40.0,-45.0,-40.0,-40.0,-40.0,-45.0,-25.0,-40.0,-35.0,-45.0,-35.0,-40.0,-40.0,-40.0,-45.0,-40.0,-50.0,-40.0,-40.0,-40.0,-30.0,-40.0,-35.0,-50.0,-40.0,-35.0,-45.0,-45.0,-45.0,-35.0,-50.0,-50.0,-40.0,-45.0,-40.0,-45.0,-45.0,-50.0,-45.0,-45.0,-50.0,-50.0,-45.0,-45.0,-45.0,-50.0,-50.0,-40.0,-35.0,-50.0,-50.0,-40.0,-50.0,-40.0,-40.0,-30.0,-50.0,-30.0,-45.0,-35.0,-45.0,-40.0,-45.0,-50.0,-50.0,-45.0,-45.0,-45.0,-40.0,-50.0,-45.0,-50.0,-50.0,-45.0,-50.0,-45.0,-45.0,-50.0,-40.0,-45.0,-45.0,-45.0,-50.0,-45.0,-45.0,-50.0,-45.0,-45.0,-50.0,-45.0,-40.0,-50.0,-50.0,-40.0,-50.0,-40.0,-40.0,-45.0,-50.0,-50.0,-40.0,-35.0,-40.0,-45.0,-50.0,-50.0,-50.0,-40.0,-45.0,-40.0,-50.0,-45.0,-40.0,-45.0,-40.0,-40.0,-50.0,-40.0,-35.0,-40.0,-45.0,-50.0,-45.0,-45.0,-50.0,-45.0,-45.0,-50.0,-45.0,-30.0,-45.0,-45.0,-45.0,-45.0,-45.0,-40.0,-50.0,-45.0,-45.0,-50.0,-50.0,-50.0,-50.0,-50.0,-50.0,-50.0,-45.0,-40.0,-50.0,-45.0,-45.0,-50.0,-40.0,-50.0,-50.0,-50.0,-50.0,-50.0,-50.0,-45.0,-50.0,-50.0,-45.0,-30.0,-40.0,-50.0,-50.0,-45.0,-50.0,-40.0,-50.0,-50.0,-45.0,-45.0,-45.0,-45.0,-45.0,-45.0,-50.0,-50.0,-45.0,-45.0,-45.0,-50.0,-45.0,-45.0,-45.0,-50.0,-40.0,-45.0,-40.0,-50.0,-45.0,-45.0,-45.0,-45.0,-45.0,-45.0,-50.0,-50.0,-45.0,-50.0,-50.0,-40.0,-50.0,-50.0,-40.0,-40.0,-35.0,-45.0,-50.0,-45.0,-50.0,-50.0,-45.0,-50.0,-45.0,-35.0,-50.0,-35.0,-50.0,-35.0,-50.0,-50.0,-50.0,-50.0,-45.0,-50.0,-45.0,-45.0,-40.0,-20.0,-45.0,-50.0,-50.0,-45.0,-50.0,-45.0,-30.0,-45.0,-45.0,-35.0,-40.0,-40.0,-50.0,-50.0,-40.0,-45.0,-45.0,-50.0,-40.0,-45.0,-45.0,-40.0,-45.0,-50.0,-50.0,-50.0,-50.0,-50.0,-45.0,-50.0,-50.0,-35.0,-40.0,-45.0,-50.0,-40.0,-50.0,-45.0,-50.0,-50.0,-45.0,-50.0,-50.0,-40.0,-45.0,-40.0,-50.0,-45.0,-50.0,-45.0,-45.0,-50.0,-40.0,-40.0,-50.0,-50.0,-50.0,-45.0,-45.0,-45.0,-40.0,-45.0,-45.0,-45.0,-50.0,-50.0,-45.0,-35.0,-45.0,-40.0,-50.0,-45.0,-40.0,-40.0,-45.0,-45.0,-50.0,-45.0,-45.0,-40.0,-40.0,-50.0,-40.0,-50.0,-45.0,-50.0,-40.0,-50.0,-50.0,-50.0,-50.0,-45.0,-50.0,-40.0,-50.0,-45.0,-50.0,-40.0,-45.0,-50.0,-45.0,-50.0,-50.0,-50.0,-45.0,-35.0,-50.0,-35.0,-45.0,-50.0,-45.0,-50.0,-45.0,-50.0,-45.0,-50.0,-50.0,-40.0,-45.0,-40.0,-40.0,-45.0,-45.0,-50.0,-50.0,-45.0,-50.0,-45.0,-45.0,-45.0,-45.0,-50.0,-45.0,-45.0,-45.0,-45.0,-45.0,-45.0,-40.0,-50.0,-50.0,-50.0,-50.0,-45.0,-50.0,-50.0,-50.0,-50.0,-50.0,-50.0,-45.0,-45.0,-50.0,-50.0,-35.0,-45.0,-50.0,-50.0,-40.0,-50.0,-50.0,-50.0,-30.0,-50.0,-50.0,-50.0,-50.0,-40.0,-40.0,-50.0,-50.0,-50.0,-50.0,-45.0,-50.0,-45.0,-50.0,-45.0,-50.0,-40.0,-50.0,-45.0,-45.0,-50.0,-45.0,-45.0,-45.0,-50.0,-50.0,-50.0,-45.0,-40.0,-50.0,-50.0,-45.0,-50.0,-35.0,-45.0,-50.0,-45.0,-35.0,-45.0,-40.0,-50.0,-50.0,-45.0,-40.0,-50.0,-45.0,-50.0,-50.0,-50.0,-45.0,-50.0,-50.0,-50.0,-50.0,-50.0,-40.0,-50.0,-50.0,-50.0,-45.0,-45.0,-50.0,-50.0,-45.0,-50.0,-45.0,-50.0,-50.0,-45.0,-50.0,-50.0,-50.0,-40.0,-40.0,-50.0,-50.0,-40.0,-45.0,-45.0,-45.0,-50.0,-45.0,-45.0,-50.0,-50.0,-45.0,-45.0,-40.0,-50.0,-50.0,-50.0,-45.0,-50.0,-50.0,-45.0,-50.0,-50.0,-45.0,-50.0,-50.0,-45.0,-45.0,-45.0,-50.0,-45.0,-40.0,-45.0,-50.0,-45.0,-50.0,-50.0,-45.0,-50.0,-50.0,-40.0,-50.0,-50.0,-45.0,-40.0,-40.0,-45.0,-50.0,-50.0,-45.0,-50.0,-45.0,-50.0,-50.0,-45.0,-45.0,-50.0,-45.0,-50.0,-50.0,-45.0,-50.0,-50.0,-50.0,-50.0,-45.0,-45.0,-40.0,-50.0,-45.0,-45.0,-50.0,-40.0,-50.0,-40.0,-50.0,-45.0,-35.0,-50.0,-50.0,-50.0,-50.0,-50.0,-50.0,-50.0,-40.0,-50.0,-50.0,-45.0,-45.0,-40.0,-50.0,-45.0,-40.0,-45.0,-50.0,-45.0,-45.0,-45.0,-50.0,-50.0,-50.0,-50.0,-45.0,-40.0,-50.0,-45.0,-45.0,-45.0,-50.0,-45.0,-40.0,-50.0,-50.0,-50.0,-40.0,-50.0,-45.0,-45.0,-50.0,-50.0,-40.0,-50.0,-40.0,-50.0,-50.0,-50.0,-45.0,-40.0,-50.0,-40.0,-50.0,-50.0,-50.0,-45.0,-50.0,-50.0,-45.0,-45.0,-50.0,-50.0,-45.0,-50.0,-45.0,-50.0,-45.0,-45.0,-50.0,-45.0,-50.0,-50.0,-50.0,-50.0,-50.0,-50.0,-50.0,-40.0,-45.0,-50.0,-50.0,-45.0,-45.0,-50.0,-50.0,-50.0,-50.0,-50.0,-50.0,-50.0,-45.0,-50.0,-50.0,-40.0,-50.0,-50.0,-45.0,-50.0,-45.0,-50.0,-50.0,-45.0,-40.0,-50.0,-50.0,-50.0,-45.0,-40.0,-45.0,-40.0,-50.0,-50.0,-50.0,-35.0,-45.0,-50.0,-45.0,-50.0,-50.0,-50.0,-50.0,-50.0,-45.0,-45.0,-50.0,-35.0,-45.0,-50.0,-50.0,-35.0,-45.0,-50.0,-40.0,-50.0,-50.0,-45.0,-50.0,-50.0,-50.0,-50.0,-40.0,-50.0,-50.0,-45.0,-50.0,-50.0,-50.0,-45.0,-30.0,-45.0,-30.0,-50.0,-45.0,-45.0,-45.0,-35.0,-40.0,-45.0,-50.0,-40.0,-50.0,-40.0,-45.0,-45.0,-50.0,-50.0,-50.0,-50.0,-45.0,-50.0,-50.0,-50.0,-50.0,-50.0,-50.0,-50.0,-50.0,-50.0,-50.0,-50.0,-50.0,-50.0,-50.0,-50.0,-50.0,-45.0,-45.0,-50.0,-50.0,-40.0,-45.0,-50.0,-45.0,-50.0,-50.0,-35.0,-35.0,-45.0,-45.0,-50.0,-45.0,-40.0,-45.0,-45.0,-45.0,-50.0,-45.0,-40.0,-50.0,-50.0,-50.0,-50.0,-45.0,-50.0,-50.0,-50.0,-50.0,-50.0,-50.0,-50.0,-40.0,-45.0,-50.0,-45.0,-40.0,-50.0,-50.0,-45.0,-50.0,-50.0,-45.0,-40.0,-50.0,-50.0,-50.0,-50.0,-50.0,-40.0,-45.0,-45.0,-50.0,-50.0,-50.0,-45.0,-50.0,-40.0,-45.0,-45.0,-50.0,-50.0,-50.0,-50.0,-40.0,-50.0,-50.0,-45.0,-45.0,-50.0,-50.0,-50.0,-50.0,-45.0,-35.0,-50.0,-50.0,-50.0,-50.0,-50.0,-50.0,-45.0,-50.0,-50.0,-50.0,-50.0,-45.0,-50.0,-45.0,-45.0,-45.0,-50.0,-50.0,-50.0,-45.0,-50.0,-50.0,-50.0,-50.0,-50.0,-45.0,-50.0,-45.0,-45.0,-50.0,-50.0,-50.0,-50.0,-50.0,-50.0,-50.0,-50.0,-50.0,-45.0,-45.0,-40.0,-50.0,-50.0,-50.0,-50.0,-45.0,-45.0,-45.0,-50.0,-50.0,-50.0,-50.0,-50.0,-40.0,-50.0,-45.0,-50.0,-50.0,-50.0,-45.0,-50.0,-50.0,-50.0,-45.0,-50.0,-45.0,-50.0,-45.0,-40.0,-45.0,-45.0,-40.0,-50.0,-50.0,-50.0,-50.0,-40.0,-50.0,-50.0,-50.0,-50.0,-45.0,-50.0,-35.0,-50.0,-50.0,-45.0,-50.0,-45.0,-50.0,-45.0,-45.0,-45.0,-50.0,-35.0,-50.0,-45.0,-50.0,-50.0,-35.0,-45.0,-45.0,-35.0,-45.0,-50.0,-50.0,-40.0,-45.0,-45.0,-45.0,-45.0,-40.0,-45.0,-50.0,-50.0,-45.0,-50.0,-45.0,-45.0,-45.0,-45.0,-40.0,-50.0,-50.0,-50.0,-50.0,-45.0,-50.0,-50.0,-50.0,-50.0,-45.0,-50.0,-40.0,-45.0,-50.0,-50.0,-45.0,-40.0,-45.0,-45.0,-50.0,-50.0,-50.0,-50.0,-45.0,-40.0,-50.0,-50.0,-45.0,-50.0,-30.0,-50.0,-50.0,-40.0,-50.0,-45.0,-50.0,-50.0,-45.0,-40.0,-40.0,-50.0,-50.0,-50.0,-40.0,-50.0,-45.0,-45.0,-50.0,-40.0,-45.0,-45.0,-50.0,-50.0,-50.0,-50.0,-50.0,-45.0,-50.0,-50.0,-50.0,-40.0,-40.0,-45.0,-45.0,-50.0,-50.0,-45.0,-40.0,-40.0,-50.0,-50.0,-45.0,-50.0,-45.0,-45.0,-50.0,-50.0,-50.0,-50.0,-45.0,-50.0,-50.0,-50.0,-45.0,-35.0,-50.0,-50.0,-50.0,-40.0,-50.0,-50.0,-45.0,-45.0,-45.0,-50.0,-40.0,-45.0,-50.0,-50.0,-35.0,-50.0,-50.0,-50.0,-45.0,-40.0,-50.0,-50.0,-50.0,-40.0,-50.0,-50.0,-50.0,-50.0,-45.0,-50.0,-50.0,-50.0,-45.0,-50.0,-50.0,-50.0,-40.0,-45.0,-50.0,-45.0,-50.0,-45.0,-45.0,-50.0,-50.0,-45.0,-45.0,-50.0,-40.0,-50.0,-50.0,-40.0,-45.0,-40.0,-50.0,-45.0,-50.0,-50.0,-45.0,-50.0,-50.0,-45.0,-45.0,-40.0,-45.0,-50.0,-50.0,-50.0,-40.0,-50.0,-50.0,-50.0,-45.0,-45.0,-45.0,-50.0,-50.0,-40.0,-45.0,-45.0,-40.0,-45.0,-40.0,-40.0,-45.0,-45.0,-50.0,-40.0,-45.0,-45.0,-45.0,-50.0,-45.0,-50.0,-35.0,-45.0,-45.0,-45.0,-40.0,-45.0,-50.0,-50.0,-45.0,-50.0,-40.0,-50.0,-50.0,-50.0,-50.0,-45.0,-45.0,-40.0,-50.0,-50.0,-50.0,-45.0,-50.0,-50.0,-50.0,-50.0,-50.0,-40.0,-45.0,-45.0,-50.0,-45.0,-45.0,-50.0,-50.0,-45.0,-45.0,-50.0,-50.0,-50.0,-50.0,-45.0,-50.0,-50.0,-40.0,-50.0,-40.0,-45.0,-45.0,-50.0,-40.0,-40.0,-40.0,-45.0,-50.0,-45.0,-35.0,-35.0,-45.0,-50.0,-45.0,-40.0,-40.0,-50.0,-45.0,-35.0,-50.0,-50.0,-45.0,-45.0,-50.0,-30.0,-45.0,-45.0,-45.0,-50.0,-50.0,-50.0,-35.0,-50.0,-45.0,-50.0,-50.0,-40.0,-45.0,-50.0,-45.0,-35.0,-50.0,-50.0,-50.0,-50.0,-50.0,-50.0,-45.0,-45.0,-40.0,-35.0,-45.0,-50.0,-50.0,-45.0,-50.0,-45.0,-50.0,-50.0,-50.0,-50.0,-45.0,-45.0,-50.0,-50.0,-50.0,-50.0,-50.0,-50.0,-50.0,-50.0,-45.0,-50.0,-50.0,-50.0,-50.0,-45.0,-50.0,-50.0,-45.0,-50.0,-50.0,-45.0,-45.0,-50.0,-50.0,-40.0,-45.0,-50.0,-50.0,-45.0,-45.0,-45.0,-45.0,-45.0,-50.0,-50.0,-45.0,-50.0,-50.0,-40.0,-45.0,-45.0,-45.0,-45.0,-50.0,-45.0,-35.0,-50.0,-50.0,-40.0,-45.0,-45.0,-50.0,-50.0,-40.0,-40.0,-50.0,-45.0,-45.0,-45.0,-50.0,-45.0,-45.0,-50.0,-40.0,-50.0,-50.0,-45.0,-50.0,-40.0,-50.0,-45.0,-50.0,-50.0,-50.0,-50.0,-50.0,-50.0,-50.0,-45.0,-50.0,-50.0,-45.0,-50.0,-50.0,-50.0,-50.0,-45.0,-50.0,-45.0,-45.0,-50.0,-50.0,-50.0,-45.0,-45.0,-45.0,-45.0,-50.0,-50.0,-45.0,-45.0,-45.0,-50.0,-50.0,-45.0,-45.0,-50.0,-45.0,-50.0,-50.0,-45.0,-50.0,-50.0,-45.0,-45.0,-45.0,-50.0,-45.0,-50.0,-45.0,-50.0,-45.0,-40.0,-45.0,-50.0,-45.0,-35.0,-45.0,-45.0,-45.0,-50.0,-35.0,-50.0,-45.0,-50.0,-45.0,-30.0,-45.0,-35.0,-45.0,-40.0,-40.0,-45.0,-40.0,-50.0,-40.0,-40.0,-35.0,-35.0,-30.0,-45.0,-50.0,-50.0,-40.0,-35.0,-50.0,-40.0,-45.0,-40.0,-45.0,-50.0,-40.0,-40.0,-45.0,-45.0,-45.0,-40.0,-40.0,-30.0,-45.0,-35.0,-40.0,-45.0,-25.0,-45.0,-50.0,-40.0,-45.0,-45.0,-45.0,-50.0,-45.0,-50.0,-45.0,-50.0,-35.0,-45.0,-50.0,-40.0,-50.0,-40.0,-50.0,-45.0,-25.0,-35.0,-50.0,-30.0,-40.0,-45.0,-45.0,-45.0,-45.0,-45.0,-50.0,-50.0,-50.0,-40.0,-50.0,-45.0,-40.0,-50.0,-50.0,-40.0,-45.0,-50.0,-35.0,-45.0,-50.0,-50.0,-45.0,-45.0,-45.0,-45.0,-35.0,-50.0,-40.0,-50.0,-50.0,-40.0,-45.0,-50.0,-45.0,-50.0,-50.0,-50.0,-50.0,-45.0,-50.0,-45.0,-40.0,-45.0,-45.0,-45.0,-50.0,-50.0,-45.0,-50.0,-50.0,-40.0,-45.0,-50.0,-40.0,-50.0,-50.0,-45.0,-40.0,-50.0,-40.0,-50.0,-20.0,-50.0,-45.0,-40.0,-45.0,-45.0,-35.0,-50.0,-45.0,-40.0,-45.0,-35.0,-40.0,-40.0,-50.0,-45.0,-45.0,-50.0,-50.0,-50.0,-45.0,-45.0,-50.0,-50.0,-40.0,-30.0,-45.0,-45.0,-35.0,-45.0,-45.0,-45.0,-45.0,-40.0,-45.0,-50.0,-40.0,-50.0,-45.0,-50.0,-45.0,-45.0,-40.0,-50.0,-45.0,-50.0,-45.0,-50.0,-50.0,-50.0,-40.0,-40.0,-50.0,-40.0,-50.0,-50.0,-45.0,-50.0,-40.0,-40.0,-45.0,-50.0,-50.0,-50.0,-50.0,-50.0,-40.0,-50.0,-50.0,-50.0,-45.0,-50.0,-35.0,-40.0,-45.0,-40.0,-50.0,-40.0,-50.0,-45.0,-50.0,-35.0,-50.0,-40.0,-40.0,-50.0,-50.0,-35.0,-50.0,-40.0,-40.0,-45.0,-40.0,-40.0,-45.0,-40.0,-45.0,-40.0,-50.0,-45.0,-50.0,-45.0,-45.0,-40.0,-50.0,-50.0,-40.0,-45.0,-40.0,-45.0,-40.0,-50.0,-50.0,-50.0,-50.0,-50.0,-45.0,-35.0,-45.0,-50.0,-45.0,-45.0,-45.0,-50.0,-40.0,-50.0,-50.0,-45.0,-50.0,-50.0,-50.0,-45.0,-35.0,-35.0,-45.0,-45.0,-45.0,-45.0,-45.0,-50.0,-45.0,-50.0,-50.0,-50.0,-40.0,-45.0,-45.0,-50.0,-45.0,-30.0,-45.0,-45.0,-45.0,-45.0,-50.0,-45.0,-45.0,-50.0,-40.0,-45.0,-45.0,-50.0,-45.0,-50.0,-35.0,-30.0,-45.0,-45.0,-50.0,-50.0,-50.0,-50.0,-45.0,-50.0,-50.0,-50.0,-50.0,-50.0,-50.0,-50.0,-50.0,-35.0,-45.0,-45.0,-50.0,-45.0,-50.0,-45.0,-50.0,-50.0,-45.0,-50.0,-45.0,-50.0,-50.0,-50.0,-45.0,-45.0,-45.0,-50.0,-45.0,-45.0,-45.0,-50.0,-50.0,-45.0,-50.0,-50.0,-45.0,-50.0,-50.0,-50.0,-50.0,-50.0,-45.0,-45.0,-50.0,-50.0,-45.0,-45.0,-50.0,-45.0,-45.0,-50.0,-45.0,-40.0,-45.0,-45.0,-45.0,-50.0,-50.0,-45.0,-50.0,-45.0,-40.0,-45.0,-45.0,-50.0,-45.0,-45.0,-45.0,-45.0,-45.0,-50.0,-50.0,-45.0,-45.0,-45.0,-40.0,-50.0,-50.0,-45.0,-45.0,-50.0,-50.0,-40.0,-45.0,-45.0,-40.0,-50.0,-50.0,-50.0,-50.0,-50.0,-40.0,-50.0,-50.0,-50.0,-50.0,-35.0,-50.0,-35.0,-50.0,-50.0,-50.0,-45.0,-50.0,-50.0,-50.0,-35.0,-40.0,-50.0,-50.0,-50.0,-45.0,-40.0,-50.0,-45.0,-50.0,-50.0,-50.0,-50.0,-45.0,-45.0,-45.0,-40.0,-50.0,-50.0,-50.0,-45.0,-35.0,-45.0,-45.0,-40.0,-50.0,-45.0,-35.0,-40.0,-50.0,-50.0,-30.0,-50.0,-50.0,-50.0,-45.0,-50.0,-45.0,-35.0,-50.0,-45.0,-50.0,-45.0,-50.0,-50.0,-45.0,-45.0,-40.0,-50.0,-50.0,-45.0,-45.0,-50.0,-50.0,-50.0,-50.0,-40.0,-35.0,-50.0,-40.0,-40.0,-50.0,-45.0,-50.0,-50.0,-50.0,-50.0,-35.0,-50.0,-50.0,-45.0,-50.0,-50.0,-50.0,-50.0,-45.0,-50.0,-45.0,-45.0,-40.0,-50.0,-45.0,-50.0,-50.0,-45.0,-50.0,-30.0,-50.0,-50.0,-45.0,-50.0,-50.0,-45.0,-50.0,-45.0,-50.0,-45.0,-40.0,-45.0,-45.0,-50.0,-50.0,-45.0,-50.0,-45.0,-45.0,-40.0,-50.0,-50.0,-45.0,-50.0,-40.0,-35.0,-45.0,-45.0,-40.0,-40.0,-45.0,-40.0,-45.0,-45.0,-45.0,-50.0,-50.0,-50.0,-50.0,-45.0,-40.0,-45.0,-50.0,-45.0,-45.0,-50.0,-50.0,-50.0,-50.0,-50.0,-45.0,-45.0,-50.0,-50.0,-50.0,-50.0,-40.0,-40.0,-50.0,-40.0,-45.0,-45.0,-50.0,-50.0,-50.0,-50.0,-50.0,-50.0,-45.0,-50.0,-50.0,-50.0,-50.0,-50.0,-50.0,-45.0,-50.0,-45.0,-50.0,-50.0,-45.0,-40.0,-40.0,-50.0,-50.0,-50.0,-50.0,-50.0,-35.0,-45.0,-50.0,-50.0,-45.0,-40.0,-40.0,-50.0,-50.0,-50.0,-40.0,-50.0,-50.0,-45.0,-50.0,-45.0,-50.0,-45.0,-50.0,-45.0,-45.0,-50.0,-50.0,-45.0,-50.0,-50.0,-45.0,-50.0,-45.0,-40.0,-45.0,-50.0,-50.0,-45.0,-50.0,-50.0,-50.0,-50.0,-50.0,-30.0,-45.0,-50.0,-45.0,-50.0,-50.0,-50.0,-50.0,-40.0,-50.0,-50.0,-50.0,-50.0,-40.0,-50.0,-50.0,-40.0,-45.0,-50.0,-45.0,-40.0,-45.0,-45.0,-50.0,-50.0,-50.0,-50.0,-45.0,-45.0,-45.0,-50.0,-45.0,-40.0,-45.0,-45.0,-45.0,-45.0,-40.0,-50.0,-50.0,-50.0,-50.0,-45.0,-50.0,-40.0,-35.0,-45.0,-50.0,-50.0,-50.0,-50.0,-50.0,-50.0,-50.0,-50.0,-45.0,-40.0,-50.0,-50.0,-45.0,-50.0,-45.0,-40.0,-40.0,-45.0,-50.0,-50.0,-50.0,-50.0,-50.0,-50.0,-45.0,-50.0,-40.0,-45.0,-50.0,-50.0,-50.0,-50.0,-45.0,-45.0,-40.0,-50.0,-45.0,-45.0,-45.0,-50.0,-45.0,-50.0,-45.0,-50.0,-50.0,-45.0,-45.0,-45.0,-45.0,-45.0,-45.0,-50.0,-50.0,-45.0,-35.0,-45.0,-50.0,-50.0,-50.0,-50.0,-45.0,-50.0,-50.0,-45.0,-45.0,-50.0,-45.0,-50.0,-50.0,-50.0,-45.0,-45.0,-40.0,-50.0,-45.0,-45.0,-40.0,-45.0,-50.0,-45.0,-50.0,-50.0,-50.0,-45.0,-50.0,-50.0,-50.0,-50.0,-50.0,-50.0,-45.0,-50.0,-45.0,-50.0,-45.0,-45.0,-45.0,-45.0,-50.0,-45.0,-50.0,-35.0,-50.0,-45.0,-35.0,-50.0,-45.0,-40.0,-50.0,-50.0,-45.0,-45.0,-50.0,-50.0,-50.0,-50.0,-50.0,-45.0,-45.0,-50.0,-45.0,-50.0,-50.0,-50.0,-40.0,-50.0,-45.0,-45.0,-45.0,-50.0,-50.0,-50.0,-50.0,-50.0,-50.0,-50.0,-50.0,-50.0,-50.0,-45.0,-50.0,-45.0,-50.0,-50.0,-50.0,-40.0,-45.0,-40.0,-50.0,-50.0,-50.0,-50.0,-45.0,-40.0,-45.0,-50.0,-45.0,-45.0,-50.0,-50.0,-30.0,-45.0,-40.0,-50.0,-50.0,-50.0,-40.0,-45.0,-45.0,-35.0,-45.0,-45.0,-50.0,-45.0,-50.0,-50.0,-50.0,-45.0,-35.0,-45.0,-50.0,-50.0,-45.0,-50.0,-50.0,-45.0,-45.0,-30.0,-40.0,-50.0,-45.0,-45.0,-45.0,-50.0,-50.0,-45.0,-45.0,-45.0,-50.0,-50.0,-50.0,-50.0,-45.0,-45.0,-50.0,-45.0,-50.0,-50.0,-45.0,-50.0,-45.0,-45.0,-50.0,-45.0,-50.0,-45.0,-45.0,-40.0,-45.0,-50.0,-50.0,-45.0,-50.0,-50.0,-50.0,-50.0,-45.0,-45.0,-40.0,-50.0,-45.0,-40.0,-50.0,-40.0,-45.0,-50.0,-50.0,-50.0,-35.0,-30.0,-45.0,-45.0,-40.0,-50.0,-50.0,-45.0,-40.0,-45.0,-50.0,-40.0,-50.0,-50.0,-50.0,-45.0,-50.0,-45.0,-50.0,-50.0,-45.0,-45.0,-50.0,-50.0,-50.0,-50.0,-40.0,-50.0,-35.0,-50.0,-50.0,-45.0,-50.0,-45.0,-50.0,-45.0,-50.0,-50.0,-50.0,-45.0,-45.0,-45.0,-40.0,-35.0,-45.0,-40.0,-40.0,-50.0,-50.0,-45.0,-50.0,-45.0,-45.0,-50.0,-35.0,-50.0,-50.0,-35.0,-45.0,-40.0,-40.0,-50.0,-50.0,-50.0,-50.0,-40.0,-50.0,-45.0,-50.0,-40.0,-45.0,-45.0,-45.0,-50.0,-45.0,-45.0,-50.0,-50.0,-50.0,-45.0,-45.0,-50.0,-40.0,-45.0,-40.0,-50.0,-40.0,-50.0,-35.0,-50.0,-50.0,-50.0,-35.0,-40.0,-50.0,-45.0,-50.0,-40.0,-30.0,-35.0,-50.0,-50.0,-50.0,-35.0,-45.0,-45.0,-50.0,-50.0,-40.0,-50.0,-50.0,-50.0,-45.0,-50.0,-45.0,-45.0,-50.0,-50.0,-45.0,-40.0,-50.0,-40.0,-50.0,-45.0,-50.0,-50.0,-50.0,-35.0,-50.0,-40.0,-50.0,-45.0,-50.0,-45.0,-50.0,-50.0,-50.0,-45.0,-45.0,-50.0,-35.0,-45.0,-50.0,-50.0,-45.0,-50.0,-45.0,-45.0,-45.0,-40.0,-50.0,-50.0,-45.0,-45.0,-50.0,-45.0,-50.0,-50.0,-45.0,-50.0,-45.0,-50.0,-50.0,-40.0,-50.0,-50.0,-50.0,-45.0,-40.0,-50.0,-50.0,-50.0,-50.0,-30.0,-50.0,-35.0,-45.0,-50.0,-45.0,-45.0,-45.0,-50.0,-30.0,-45.0,-40.0,-35.0,-40.0,-50.0,-45.0,-50.0,-40.0,-50.0,-45.0,-45.0,-45.0,-50.0,-45.0,-40.0,-50.0,-45.0,-40.0,-45.0,-50.0,-50.0,-45.0,-45.0,-40.0,-50.0,-40.0,-50.0,-45.0,-50.0,-50.0,-45.0,-40.0,-45.0,-40.0,-50.0,-50.0,-40.0,-45.0,-45.0,-50.0,-50.0,-40.0,-50.0,-50.0,-45.0,-50.0,-45.0,-50.0,-45.0,-45.0,-45.0,-50.0,-45.0,-50.0,-45.0,-50.0,-50.0,-50.0,-50.0,-45.0,-50.0,-45.0,-45.0,-45.0,-50.0,-50.0,-50.0,-45.0,-40.0,-40.0,-50.0,-50.0,-50.0,-45.0,-50.0,-45.0,-45.0,-50.0,-45.0,-45.0,-45.0,-50.0,-40.0,-40.0,-50.0,-30.0,-45.0,-45.0,-45.0,-50.0,-50.0,-50.0,-45.0,-50.0,-40.0,-45.0,-50.0,-50.0,-45.0,-50.0,-50.0,-50.0,-50.0,-50.0,-50.0,-45.0,-50.0,-45.0,-45.0,-40.0,-50.0,-50.0,-45.0,-50.0,-50.0,-50.0,-50.0,-50.0,-50.0,-50.0,-45.0,-45.0,-50.0,-50.0,-35.0,-45.0,-50.0,-50.0,-50.0,-45.0,-50.0,-50.0,-45.0,-50.0,-50.0,-45.0,-45.0,-40.0,-40.0,-50.0,-45.0,-50.0,-50.0,-50.0,-50.0,-50.0,-45.0,-35.0,-50.0,-50.0,-45.0,-50.0,-45.0,-50.0,-45.0,-50.0,-45.0,-50.0,-50.0,-50.0,-50.0,-45.0,-50.0,-40.0,-50.0,-45.0,-45.0,-50.0,-50.0,-45.0,-45.0,-40.0,-50.0,-40.0,-45.0,-50.0,-50.0,-50.0,-50.0,-45.0,-50.0,-50.0,-40.0,-50.0,-45.0,-50.0,-50.0,-50.0,-45.0,-40.0,-50.0,-50.0,-50.0,-50.0,-50.0,-50.0,-50.0,-40.0,-35.0,-45.0,-35.0,-40.0,-50.0,-50.0,-45.0,-45.0,-50.0,-45.0,-50.0,-45.0,-40.0,-50.0,-40.0,-40.0,-50.0,-45.0,-45.0,-50.0,-50.0,-50.0,-45.0,-40.0,-45.0,-50.0,-50.0,-45.0,-40.0,-50.0,-45.0,-50.0,-45.0,-40.0,-40.0,-50.0,-50.0,-50.0,-40.0,-45.0,-40.0,-45.0,-45.0,-50.0,-40.0,-40.0,-45.0,-45.0,-45.0,-50.0,-45.0,-50.0,-50.0,-50.0,-50.0,-45.0,-50.0,-45.0,-50.0,-50.0,-50.0,-30.0,-50.0,-50.0,-50.0,-50.0,-50.0,-45.0,-50.0,-40.0,-45.0,-50.0,-50.0,-50.0,-50.0,-50.0,-45.0,-50.0,-50.0,-50.0,-50.0,-45.0,-50.0,-50.0,-50.0,-45.0,-45.0,-45.0,-50.0,-45.0,-50.0,-45.0,-35.0,-50.0,-45.0,-45.0,-50.0,-50.0,-50.0,-50.0,-35.0,-35.0,-50.0,-40.0,-45.0,-45.0,-50.0,-50.0,-50.0,-35.0,-35.0,-40.0,-50.0,-35.0,-50.0,-50.0,-50.0,-50.0,-40.0,-50.0,-50.0,-50.0,-45.0,-40.0,-50.0,-45.0,-40.0,-50.0,-50.0,-50.0,-40.0,-40.0,-45.0,-40.0,-50.0,-50.0,-50.0,-45.0,-40.0,-50.0,-40.0,-40.0,-50.0,-45.0,-40.0,-45.0,-45.0,-50.0,-50.0,-45.0,-40.0,-45.0,-50.0,-50.0,-40.0,-50.0,-45.0,-45.0,-50.0,-50.0,-50.0,-50.0,-40.0,-50.0,-50.0,-45.0,-50.0,-45.0,-50.0,-45.0,-40.0,-45.0,-45.0,-40.0,-50.0,-45.0,-50.0,-50.0,-50.0,-40.0,-50.0,-50.0,-40.0,-50.0,-40.0,-50.0,-50.0,-45.0,-50.0,-35.0,-50.0,-45.0,-45.0,-45.0,-40.0,-45.0,-45.0,-50.0,-45.0,-50.0,-50.0,-40.0,-50.0,-50.0,-50.0,-40.0,-50.0,-50.0,-35.0,-35.0,-45.0,-45.0,-45.0,-45.0,-50.0,-50.0,-50.0,-45.0,-40.0,-45.0,-45.0,-40.0,-45.0,-50.0,-50.0,-45.0,-35.0,-50.0,-40.0,-50.0,-50.0,-40.0,-25.0,-50.0,-40.0,-50.0,-40.0,-50.0,-50.0,-50.0,-40.0,-50.0,-40.0,-40.0,-35.0,-45.0,-50.0,-45.0,-50.0,-40.0,-50.0,-45.0,-50.0,-50.0,-50.0,-50.0,-45.0,-45.0,-50.0,-40.0,-50.0,-50.0,-50.0,-45.0,-35.0,-45.0,-35.0,-45.0,-40.0,-50.0,-50.0,-45.0,-50.0,-50.0,-45.0,-35.0,-50.0,-45.0,-45.0,-50.0,-35.0,-50.0,-50.0,-50.0,-40.0,-45.0,-40.0,-45.0,-50.0,-50.0,-40.0,-35.0,-50.0,-45.0,-50.0,-40.0,-40.0,-50.0,-50.0,-50.0,-40.0,-40.0,-30.0,-35.0,-45.0,-40.0,-40.0,-45.0,-45.0,-45.0,-50.0,-50.0,-50.0,-50.0,-45.0,-45.0,-50.0,-45.0,-50.0,-40.0,-45.0,-45.0,-45.0,-40.0,-40.0,-45.0,-50.0,-35.0,-45.0,-40.0,-45.0,-45.0,-50.0,-40.0,-50.0,-50.0,-40.0,-45.0,-45.0,-50.0,-45.0,-45.0,-50.0,-45.0,-45.0,-45.0,-40.0,-35.0,-50.0,-50.0,-40.0,-50.0,-50.0,-45.0,-45.0,-45.0,-45.0,-50.0,-50.0,-50.0,-45.0,-40.0,-50.0,-50.0,-40.0,-30.0,-45.0,-45.0,-40.0,-35.0,-50.0,-45.0,-40.0,-40.0,-40.0,-45.0,-45.0,-40.0,-40.0,-50.0,-45.0,-50.0,-45.0,-50.0,-40.0,-45.0,-50.0,-30.0,-50.0,-40.0,-45.0,-50.0,-40.0,-45.0,-45.0,-45.0,-50.0,-50.0,-45.0,-45.0,-50.0,-50.0,-35.0,-45.0,-50.0,-40.0,-40.0,-40.0,-40.0,-50.0,-40.0,-45.0,-45.0,-40.0,-35.0,-40.0,-40.0,-50.0,-45.0,-35.0,-50.0,-45.0,-50.0,-35.0,-40.0,-40.0,-50.0,-35.0,-50.0,-45.0,-40.0,-40.0,-45.0,-35.0,-50.0,-50.0,-45.0,-50.0,-45.0,-50.0,-50.0,-40.0,-40.0,-40.0,-45.0,-50.0,-50.0,-45.0,-45.0,-45.0,-45.0,-45.0,-50.0,-40.0,-45.0,-35.0,-40.0,-25.0,-40.0,-40.0,-25.0,-40.0,-45.0,-50.0,-30.0,-45.0,-30.0,-50.0,-45.0,-45.0,-40.0,-45.0,-40.0,-45.0,-45.0,-50.0,-45.0,-45.0,-40.0,-35.0,-45.0,-50.0,-45.0,-45.0,-50.0,-35.0,-35.0,-45.0,-35.0,-45.0,-40.0,-50.0,-45.0,-45.0,-40.0,-50.0,-50.0,-50.0,-50.0,-35.0,-50.0,-40.0,-40.0,-50.0,-45.0,-50.0,-40.0,-45.0,-45.0,-45.0,-35.0,-50.0,-35.0,-50.0,-40.0,-50.0,-50.0,-45.0,-45.0,-45.0,-45.0,-45.0,-45.0,-50.0,-50.0,-40.0,-45.0,-40.0,-45.0,-45.0,-45.0,-50.0,-40.0,-40.0,-50.0,-45.0,-45.0,-30.0,-45.0,-40.0,-50.0,-45.0,-40.0,-45.0,-45.0,-50.0,-45.0,-50.0,-50.0,-40.0,-40.0,-45.0,-40.0,-50.0,-50.0,-45.0,-30.0,-50.0,-45.0,-45.0,-50.0,-50.0,-35.0,-50.0,-50.0,-35.0,-40.0,-40.0,-45.0,-40.0,-50.0,-50.0,-45.0,-50.0,-40.0,-50.0,-45.0,-40.0,-50.0,-35.0,-30.0,-40.0,-50.0,-25.0,-45.0,-40.0,-30.0,-35.0,-40.0,-35.0,-40.0,-45.0,-40.0,-40.0,-25.0,-45.0,-45.0,-40.0,-50.0,-45.0,-45.0,-40.0,-45.0,-50.0,-45.0,-45.0,-45.0,-40.0,-45.0,-50.0,-40.0,-50.0,-45.0,-50.0,-35.0,-30.0,-40.0,-40.0,-40.0,-40.0,-45.0,-50.0,-50.0,-45.0,-50.0,-40.0,-30.0,-45.0,-25.0,-45.0,-45.0,-50.0,-40.0,-50.0,-50.0,-45.0,-50.0,-45.0,-50.0,-45.0,-40.0,-35.0,-50.0,-50.0,-50.0,-45.0,-45.0,-40.0,-45.0,-35.0,-45.0,-40.0,-45.0,-50.0,-50.0,-50.0,-45.0,-40.0,-50.0,-45.0,-40.0,-50.0,-45.0,-45.0,-35.0,-45.0,-40.0,-45.0,-45.0,-40.0,-30.0,-45.0,-35.0,-40.0,-45.0,-50.0,-45.0,-50.0,-40.0,-40.0,-40.0,-45.0,-45.0,-35.0,-45.0,-50.0,-40.0,-50.0,-40.0,-50.0,-40.0,-40.0,-35.0,-40.0,-45.0,-50.0,-50.0,-45.0,-50.0,-35.0,-50.0,-45.0,-45.0,-40.0,-50.0,-50.0,-50.0,-50.0,-50.0,-35.0,-40.0,-45.0,-50.0,-40.0,-50.0,-40.0,-45.0,-40.0,-45.0,-50.0,-45.0,-50.0,-45.0,-45.0,-40.0,-45.0,-40.0,-45.0,-50.0,-45.0,-50.0,-40.0,-45.0,-50.0,-40.0,-50.0,-40.0,-45.0,-40.0,-45.0,-45.0,-30.0,-45.0,-45.0,-45.0,-35.0,-45.0,-30.0,-40.0,-45.0,-45.0,-45.0,-40.0,-50.0,-45.0,-35.0,-40.0,-40.0,-50.0,-50.0,-40.0,-35.0,-40.0,-45.0,-45.0,-45.0,-40.0,-45.0,-30.0,-45.0,-50.0,-35.0,-40.0,-50.0,-50.0,-45.0,-45.0,-45.0,-50.0,-45.0,-45.0,-45.0,-40.0,-45.0,-30.0,-50.0,-40.0,-50.0,-45.0,-40.0,-30.0,-40.0,-40.0,-40.0,-50.0,-50.0,-40.0,-40.0,-50.0,-40.0,-30.0,-30.0,-40.0,-45.0,-50.0,-35.0,-40.0,-40.0,-50.0,-35.0,-50.0,-45.0,-45.0,-40.0,-45.0,-45.0,-40.0,-50.0,-50.0,-40.0,-35.0,-50.0,-45.0,-50.0,-45.0,-35.0,-40.0,-30.0,-45.0,-35.0,-45.0,-40.0,-50.0,-45.0,-40.0,-45.0,-45.0,-40.0,-50.0,-50.0,-45.0,-50.0,-50.0,-45.0,-45.0,-50.0,-50.0,-45.0,-50.0,-35.0,-45.0,-45.0,-45.0,-45.0,-40.0,-45.0,-40.0,-50.0,-40.0,-50.0,-45.0,-45.0,-50.0,-45.0,-40.0,-45.0,-45.0,-45.0,-45.0,-45.0,-35.0,-35.0,-45.0,-40.0,-45.0,-35.0,-45.0,-50.0,-35.0,-40.0,-45.0,-45.0,-50.0,-40.0,-50.0,-45.0,-50.0,-45.0,-45.0,-35.0,-50.0,-45.0,-45.0,-40.0,-50.0,-30.0,-45.0,-35.0,-45.0,-50.0,-40.0,-20.0,-35.0,-45.0,-45.0,-45.0,-50.0,-45.0,-45.0,-35.0,-30.0,-30.0,-35.0,-50.0,-35.0,-50.0,-35.0,-50.0,-50.0,-40.0,-50.0,-50.0,-35.0,-45.0,-45.0,-45.0,-50.0,-45.0,-40.0,-35.0,-45.0,-30.0,-45.0,-50.0,-50.0,-40.0,-45.0,-35.0,-45.0,-40.0,-30.0,-45.0,-45.0,-50.0,-50.0,-40.0,-50.0,-40.0,-45.0,-50.0,-50.0,-40.0,-45.0,-45.0,-50.0,-50.0,-40.0,-40.0,-45.0,-40.0,-35.0,-45.0,-45.0,-50.0,-50.0,-45.0,-45.0,-30.0,-45.0,-50.0,-45.0,-45.0,-45.0,-35.0,-40.0,-40.0,-40.0,-35.0,-40.0,-50.0,-35.0,-40.0,-45.0,-50.0,-40.0,-45.0,-40.0,-35.0,-40.0,-40.0,-40.0,-45.0,-40.0,-30.0,-30.0,-30.0,-40.0,-30.0,-40.0,-35.0,-50.0,-50.0,-35.0,-40.0,-30.0,-50.0,-35.0,-40.0,-35.0,-45.0,-35.0,-45.0,-40.0,-40.0,-40.0,-30.0,-50.0,-40.0,-40.0,-35.0,-45.0,-35.0,-35.0,-50.0,-45.0,-30.0,-40.0,-45.0,-45.0,-30.0,-40.0,-45.0,-35.0,-50.0,-40.0,-40.0,-45.0,-40.0,-45.0,-35.0,-45.0,-35.0,-45.0,-40.0,-50.0,-45.0,-40.0,-40.0,-40.0,-50.0,-50.0,-50.0,-40.0,-30.0,-45.0,-40.0,-45.0,-45.0,-50.0,-40.0,-45.0,-45.0,-35.0,-25.0,-35.0,-40.0,-40.0,-45.0,-45.0,-45.0,-45.0,-40.0,-30.0,-45.0,-45.0,-50.0,-50.0,-50.0,-50.0,-35.0,-35.0,-40.0,-45.0,-35.0,-45.0,-40.0,-45.0,-45.0,-40.0,-30.0,-40.0,-35.0,-50.0,-35.0,-40.0,-50.0,-35.0,-40.0,-35.0,-50.0,-45.0,-30.0,-40.0,-40.0,-40.0,-50.0,-40.0,-40.0,-50.0,-35.0,-45.0,-50.0,-50.0,-45.0,-35.0,-50.0,-45.0,-40.0,-30.0,-45.0,-30.0,-45.0,-45.0,-35.0,-45.0,-35.0,-50.0,-45.0,-40.0,-50.0,-45.0,-50.0,-35.0,-40.0,-35.0,-40.0,-40.0,-45.0,-45.0,-50.0,-50.0,-40.0,-50.0,-45.0,-40.0,-40.0,-35.0,-45.0,-50.0,-35.0,-45.0,-35.0,-50.0,-30.0,-40.0,-30.0,-50.0,-50.0,-35.0,-40.0,-35.0,-45.0,-35.0,-45.0,-45.0,-40.0,-40.0,-35.0,-40.0,-45.0,-30.0,-50.0,-45.0,-40.0,-45.0,-35.0,-45.0,-35.0,-45.0,-50.0,-40.0,-45.0,-45.0,-40.0,-50.0,-30.0,-30.0,-45.0,-45.0,-40.0,-35.0,-40.0,-40.0,-35.0,-45.0,-35.0,-40.0,-35.0,-30.0,-40.0,-45.0,-40.0,-40.0,-30.0,-35.0,-45.0,-50.0,-40.0,-15.0,-40.0,-40.0,-45.0,-40.0,-45.0,-50.0,-45.0,-35.0,-35.0,-50.0,-45.0,-40.0,-40.0,-50.0,-45.0,-45.0,-50.0,-45.0,-45.0,-45.0,-35.0,-35.0,-35.0,-40.0,-40.0,-35.0,-40.0,-35.0,-50.0,-30.0,-45.0,-45.0,-45.0,-45.0,-45.0,-50.0,-45.0,-45.0,-45.0,-45.0,-40.0,-40.0,-40.0,-50.0,-45.0,-50.0,-50.0,-45.0,-50.0,-45.0,-40.0,-40.0,-30.0,-45.0,-35.0,-40.0,-30.0,-35.0,-50.0,-40.0,-50.0,-30.0,-50.0,-35.0,-45.0,-40.0,-35.0,-40.0,-25.0,-40.0,-45.0,-40.0,-45.0,-45.0,-50.0,-45.0,-45.0,-40.0,-40.0,-40.0,-50.0,-45.0,-40.0,-50.0,-40.0,-45.0,-45.0,-45.0,-40.0,-35.0,-40.0,-40.0,-35.0,-45.0,-50.0,-50.0,-35.0,-40.0,-40.0,-45.0,-40.0,-45.0,-45.0,-45.0,-50.0,-50.0,-45.0,-45.0,-45.0,-40.0,-45.0,-45.0,-35.0,-40.0,-35.0,-45.0,-45.0,-35.0,-45.0,-40.0,-40.0,-45.0,-50.0,-45.0,-35.0,-45.0,-45.0,-45.0,-35.0,-45.0,-45.0,-45.0,-45.0,-40.0,-35.0,-40.0,-40.0,-50.0,-45.0,-45.0,-50.0,-35.0,-50.0,-50.0,-45.0,-50.0,-45.0,-45.0,-40.0,-40.0,-50.0,-50.0,-35.0,-45.0,-45.0,-40.0,-40.0,-45.0,-40.0,-40.0,-45.0,-40.0,-50.0,-45.0,-40.0,-50.0,-45.0,-35.0,-40.0,-45.0,-35.0,-40.0,-45.0,-45.0,-50.0,-45.0,-30.0,-40.0,-45.0,-40.0,-50.0,-50.0,-45.0,-45.0,-35.0,-35.0,-25.0,-40.0,-40.0,-50.0,-45.0,-40.0,-35.0,-35.0,-45.0,-45.0,-50.0,-30.0,-45.0,-40.0,-45.0,-45.0,-45.0,-50.0,-45.0,-45.0,-35.0,-30.0,-45.0,-45.0,-40.0,-35.0,-45.0,-45.0,-50.0,-35.0,-40.0,-45.0,-40.0,-45.0,-45.0,-40.0,-40.0,-35.0,-40.0,-45.0,-35.0,-40.0,-40.0,-45.0,-50.0,-40.0,-40.0,-50.0,-50.0,-50.0,-50.0,-45.0,-40.0,-50.0,-45.0,-30.0,-50.0,-40.0,-40.0,-35.0,-45.0,-50.0,-45.0,-35.0,-50.0,-45.0,-30.0,-40.0,-40.0,-50.0,-50.0,-40.0,-50.0,-50.0,-45.0,-40.0,-40.0,-50.0,-50.0,-50.0,-50.0,-50.0,-45.0,-40.0,-45.0,-45.0,-50.0,-40.0,-45.0,-50.0,-40.0,-40.0,-50.0,-45.0,-45.0,-45.0,-45.0,-45.0,-40.0,-40.0,-45.0,-45.0,-45.0,-45.0,-35.0,-30.0,-45.0,-40.0,-50.0,-45.0,-40.0,-40.0,-40.0,-35.0,-45.0,-40.0,-40.0,-40.0,-40.0,-45.0,-40.0,-45.0,-45.0,-50.0,-40.0,-50.0,-30.0,-40.0,-45.0,-45.0,-30.0,-45.0,-45.0,-40.0,-50.0,-40.0,-45.0,-40.0,-50.0,-45.0,-45.0,-35.0,-45.0,-40.0,-45.0,-45.0,-50.0,-45.0,-50.0,-35.0,-45.0,-45.0,-30.0,-45.0,-40.0,-30.0,-40.0,-45.0,-40.0,-45.0,-50.0,-45.0,-40.0,-45.0,-40.0,-35.0,-40.0,-45.0,-40.0,-50.0,-50.0,-40.0,-40.0,-45.0,-45.0,-40.0,-45.0,-35.0,-50.0,-45.0,-35.0,-45.0,-35.0,-45.0,-50.0,-45.0,-45.0,-50.0,-45.0,-40.0,-40.0,-50.0,-40.0,-45.0,-35.0,-50.0,-40.0,-50.0,-45.0,-40.0,-50.0,-45.0,-50.0,-40.0,-50.0,-35.0,-50.0,-45.0,-45.0,-50.0,-40.0,-45.0,-45.0,-50.0,-45.0,-50.0,-35.0,-45.0,-45.0,-45.0,-50.0,-45.0,-50.0,-50.0,-45.0,-40.0,-45.0,-40.0,-45.0,-45.0,-45.0,-45.0,-45.0,-45.0,-45.0,-30.0,-45.0,-40.0,-40.0,-40.0,-45.0,-35.0,-40.0,-50.0,-45.0,-45.0,-50.0,-35.0,-45.0,-35.0,-45.0,-35.0,-50.0,-40.0,-50.0,-45.0,-35.0,-25.0,-45.0,-45.0,-45.0,-40.0,-50.0,-50.0,-40.0,-50.0,-35.0,-35.0,-45.0,-50.0,-45.0,-45.0,-40.0,-30.0,-45.0,-50.0,-50.0,-45.0,-40.0,-50.0,-40.0,-35.0,-35.0,-40.0,-40.0,-50.0,-40.0,-45.0,-35.0,-35.0,-45.0,-40.0,-45.0,-40.0,-40.0,-50.0,-40.0,-50.0,-50.0,-40.0,-45.0,-35.0,-45.0,-50.0,-40.0,-50.0,-45.0,-40.0,-40.0,-50.0,-35.0,-45.0,-50.0,-45.0,-45.0,-40.0,-35.0,-40.0,-35.0,-50.0,-45.0,-45.0,-40.0,-50.0,-50.0,-40.0,-40.0,-50.0,-50.0,-40.0,-45.0,-45.0,-40.0,-50.0,-35.0,-30.0,-40.0,-40.0,-50.0,-40.0,-50.0,-30.0,-45.0,-40.0,-40.0,-50.0,-45.0,-45.0,-35.0,-50.0,-45.0,-50.0,-45.0,-40.0,-50.0,-50.0,-50.0,-40.0,-50.0,-50.0,-45.0,-50.0,-50.0,-45.0,-30.0,-45.0,-40.0,-40.0,-35.0,-35.0,-45.0,-45.0,-50.0,-35.0,-50.0,-40.0,-50.0,-40.0,-45.0,-40.0,-50.0,-50.0,-45.0,-50.0,-50.0,-50.0,-50.0,-45.0,-45.0,-45.0,-40.0,-45.0,-40.0,-50.0,-40.0,-30.0,-45.0,-50.0,-45.0,-50.0,-45.0,-50.0,-50.0,-35.0,-35.0,-45.0,-25.0,-45.0,-40.0,-25.0,-50.0,-50.0,-40.0,-50.0,-45.0,-35.0,-45.0,-45.0,-50.0,-40.0,-45.0,-45.0,-45.0,-35.0,-40.0,-35.0,-40.0,-30.0,-45.0,-40.0,-40.0,-35.0,-50.0,-40.0,-40.0,-35.0,-35.0,-40.0,-35.0,-50.0,-40.0,-50.0,-50.0,-35.0,-40.0,-35.0,-35.0,-45.0,-35.0,-35.0,-40.0,-50.0,-45.0,-40.0,-50.0,-30.0,-40.0,-45.0,-40.0,-40.0,-45.0,-40.0,-50.0,-35.0,-45.0,-45.0,-45.0,-50.0,-45.0,-45.0,-35.0,-45.0,-40.0,-45.0,-25.0,-50.0,-35.0,-40.0,-40.0,-45.0,-35.0,-35.0,-50.0,-45.0,-40.0,-40.0,-45.0,-40.0,-45.0,-40.0,-45.0,-50.0,-30.0,-45.0,-40.0,-40.0,-35.0,-40.0,-35.0,-50.0,-30.0,-50.0,-35.0,-50.0,-45.0,-50.0,-50.0,-45.0,-45.0,-50.0,-45.0,-40.0,-40.0,-50.0,-40.0,-45.0,-50.0,-40.0,-35.0,-35.0,-50.0,-20.0,-45.0,-50.0,-45.0,-45.0,-40.0,-40.0,-40.0,-45.0,-45.0,-40.0,-40.0,-40.0,-40.0,-45.0,-45.0,-40.0,-45.0,-40.0,-45.0,-45.0,-45.0,-45.0,-45.0,-50.0,-45.0,-40.0,-35.0,-45.0,-45.0,-35.0,-40.0,-30.0,-40.0,-30.0,-45.0,-50.0,-40.0,-35.0,-40.0,-50.0,-45.0,-45.0,-35.0,-50.0,-40.0,-45.0,-45.0,-45.0,-50.0,-40.0,-45.0,-45.0,-50.0,-35.0,-35.0,-35.0,-45.0,-50.0,-40.0,-50.0,-35.0,-50.0,-45.0,-30.0,-45.0,-35.0,-50.0,-50.0,-45.0,-45.0,-40.0,-45.0,-35.0,-40.0,-45.0,-45.0,-40.0,-20.0,-50.0,-45.0,-35.0,-45.0,-40.0,-45.0,-35.0,-45.0,-40.0,-50.0,-40.0,-45.0,-50.0,-45.0,-35.0,-40.0,-45.0,-45.0,-40.0,-50.0,-45.0,-50.0,-50.0,-50.0,-45.0,-45.0,-35.0,-45.0,-50.0,-50.0,-45.0,-45.0,-45.0,-50.0,-50.0,-50.0,-50.0,-45.0,-50.0,-45.0,-50.0,-40.0,-45.0,-50.0,-45.0,-40.0,-45.0,-45.0,-50.0,-50.0,-50.0,-45.0,-40.0,-50.0,-35.0,-40.0,-50.0,-35.0,-50.0,-35.0,-45.0,-40.0,-40.0,-50.0,-50.0,-45.0,-50.0,-50.0,-40.0,-45.0,-45.0,-50.0,-50.0,-45.0,-50.0,-40.0,-40.0,-45.0,-45.0,-45.0,-50.0,-50.0,-40.0,-45.0,-45.0,-45.0,-45.0,-50.0,-50.0,-50.0,-50.0,-45.0,-50.0,-50.0,-50.0,-45.0,-50.0,-45.0,-40.0,-45.0,-45.0,-50.0,-40.0,-50.0,-35.0,-50.0,-45.0,-50.0,-35.0,-45.0,-50.0,-50.0,-35.0,-45.0,-45.0,-45.0,-35.0,-45.0,-40.0,-45.0,-45.0,-40.0,-50.0,-50.0,-35.0,-40.0,-40.0,-40.0,-45.0,-40.0,-50.0,-40.0,-40.0,-40.0,-45.0,-50.0,-50.0,-50.0,-50.0,-45.0,-45.0,-35.0,-40.0,-45.0,-50.0,-40.0,-40.0,-50.0,-45.0,-45.0,-50.0,-40.0,-50.0,-40.0,-40.0,-50.0,-40.0,-50.0,-40.0,-40.0,-45.0,-40.0,-40.0,-50.0,-45.0,-45.0,-45.0,-50.0,-45.0,-45.0,-50.0,-50.0,-20.0,-50.0,-45.0,-45.0,-40.0,-50.0,-40.0,-40.0,-40.0,-45.0,-50.0,-40.0,-45.0,-50.0,-50.0,-50.0,-50.0,-45.0,-45.0,-45.0,-45.0,-50.0,-50.0,-45.0,-45.0,-50.0,-45.0,-50.0,-50.0,-40.0,-50.0,-50.0,-50.0,-45.0,-45.0,-50.0,-50.0,-40.0,-50.0,-50.0,-45.0,-45.0,-45.0,-45.0,-50.0,-50.0,-45.0,-50.0,-45.0,-45.0,-35.0,-50.0,-50.0,-50.0,-45.0,-50.0,-50.0,-45.0,-50.0,-45.0,-50.0,-45.0,-30.0,-50.0,-50.0,-50.0,-50.0,-35.0,-45.0,-45.0,-35.0,-50.0,-30.0,-50.0,-45.0,-40.0,-40.0,-45.0,-45.0,-50.0,-50.0,-45.0,-50.0,-50.0,-40.0,-45.0,-45.0,-35.0,-35.0,-50.0,-40.0,-40.0,-45.0,-50.0,-45.0,-50.0,-50.0,-35.0,-40.0,-45.0,-40.0,-45.0,-50.0,-40.0,-45.0,-50.0,-45.0,-40.0,-50.0,-45.0,-45.0,-35.0,-40.0,-40.0,-35.0,-35.0,-35.0,-45.0,-35.0,-50.0,-45.0,-50.0,-45.0,-40.0,-35.0,-45.0,-45.0,-50.0,-40.0,-45.0,-45.0,-35.0,-50.0,-45.0,-45.0,-50.0,-50.0,-50.0,-50.0,-45.0,-45.0,-50.0,-50.0,-50.0,-40.0,-50.0,-50.0,-45.0,-50.0,-30.0,-45.0,-45.0,-50.0,-45.0,-45.0,-50.0,-50.0,-45.0,-40.0,-45.0,-50.0,-45.0,-50.0,-45.0,-50.0,-35.0,-45.0,-45.0,-40.0,-45.0,-45.0,-45.0,-45.0,-45.0,-45.0,-50.0,-50.0,-45.0,-50.0,-50.0,-50.0,-50.0,-50.0,-40.0,-40.0,-40.0,-50.0,-45.0,-50.0,-45.0,-45.0,-50.0,-50.0,-45.0,-50.0,-50.0,-50.0,-45.0,-40.0,-40.0,-40.0,-40.0,-50.0,-50.0,-50.0,-50.0,-50.0,-45.0,-40.0,-45.0,-50.0,-40.0,-45.0,-50.0,-50.0,-40.0,-45.0,-45.0,-35.0,-50.0,-45.0,-40.0,-45.0,-50.0,-50.0,-40.0,-45.0,-45.0,-45.0,-50.0,-50.0,-50.0,-50.0,-20.0,-50.0,-40.0,-45.0,-35.0,-35.0,-40.0,-45.0,-50.0,-45.0,-40.0,-40.0,-45.0,-45.0,-50.0,-50.0,-45.0,-45.0,-50.0,-50.0,-50.0,-45.0,-45.0,-50.0,-40.0,-40.0,-45.0,-45.0,-50.0,-45.0,-50.0,-45.0,-45.0,-45.0,-50.0,-40.0,-50.0,-50.0,-45.0,-35.0,-40.0,-35.0,-45.0,-45.0,-45.0,-30.0,-50.0,-45.0,-45.0,-50.0,-50.0,-45.0,-40.0,-35.0,-50.0,-45.0,-50.0,-45.0,-50.0,-50.0,-50.0,-50.0,-50.0,-45.0,-50.0,-45.0,-30.0,-40.0,-35.0,-45.0,-35.0,-50.0,-50.0,-50.0,-50.0,-45.0,-40.0,-50.0,-50.0,-45.0,-45.0,-50.0,-45.0,-40.0,-50.0,-50.0,-50.0,-50.0,-50.0,-50.0,-50.0,-45.0,-45.0,-50.0,-40.0,-40.0,-50.0,-50.0,-50.0,-45.0,-40.0,-50.0,-45.0,-50.0,-40.0,-50.0,-45.0,-45.0,-50.0,-50.0,-50.0,-35.0,-35.0,-45.0,-50.0,-45.0,-50.0,-50.0,-45.0,-50.0,-50.0,-50.0,-45.0,-50.0,-50.0,-45.0,-50.0,-30.0,-50.0,-45.0,-50.0,-40.0,-50.0,-45.0,-50.0,-45.0,-45.0,-45.0,-50.0,-50.0,-35.0,-40.0,-50.0,-50.0,-50.0,-50.0,-50.0,-45.0,-35.0,-50.0,-50.0,-50.0,-45.0,-50.0,-50.0,-50.0,-50.0,-50.0,-35.0,-50.0,-50.0,-50.0,-50.0,-50.0,-45.0,-45.0,-45.0,-45.0,-45.0,-50.0,-50.0,-50.0,-50.0,-45.0,-50.0,-50.0,-50.0,-50.0,-50.0,-50.0,-40.0,-45.0,-35.0,-50.0,-40.0,-40.0,-50.0,-50.0,-45.0,-50.0,-45.0,-45.0,-50.0,-45.0,-45.0,-40.0,-40.0,-45.0,-50.0,-50.0,-50.0,-45.0,-45.0,-45.0,-45.0,-45.0,-50.0,-45.0,-40.0,-50.0,-45.0,-50.0,-50.0,-45.0,-35.0,-45.0,-45.0,-45.0,-50.0,-50.0,-50.0,-45.0,-50.0,-45.0,-45.0,-50.0,-50.0,-50.0,-50.0,-40.0,-45.0,-50.0,-40.0,-50.0,-50.0,-45.0,-40.0,-40.0,-40.0,-50.0,-45.0,-50.0,-45.0,-50.0,-45.0,-35.0,-35.0,-50.0,-50.0,-45.0,-50.0,-35.0,-50.0,-50.0,-50.0,-45.0,-50.0,-50.0,-45.0,-45.0,-45.0,-40.0,-50.0,-45.0,-45.0,-40.0,-45.0,-45.0,-50.0,-45.0,-45.0,-45.0,-50.0,-45.0,-45.0,-50.0,-50.0,-35.0,-35.0,-50.0,-45.0,-40.0,-50.0,-45.0,-40.0,-45.0,-50.0,-40.0,-50.0,-50.0,-45.0,-45.0,-45.0,-35.0,-35.0,-50.0,-45.0,-40.0,-50.0,-45.0,-40.0,-50.0,-50.0,-40.0,-40.0,-50.0,-45.0,-30.0,-45.0,-40.0,-45.0,-45.0,-50.0,-40.0,-40.0,-50.0,-45.0,-50.0,-50.0,-45.0,-50.0,-40.0,-50.0,-50.0,-45.0,-50.0,-50.0,-50.0,-45.0,-45.0,-40.0,-35.0,-45.0,-45.0,-45.0,-45.0,-40.0,-50.0,-40.0,-45.0,-50.0,-45.0,-50.0,-50.0,-40.0,-40.0,-45.0,-45.0,-50.0,-30.0,-45.0,-45.0,-50.0,-35.0,-50.0,-50.0,-45.0,-50.0,-40.0,-40.0,-50.0,-40.0,-25.0,-50.0,-50.0,-35.0,-45.0,-50.0,-40.0,-45.0,-35.0,-35.0,-45.0,-50.0,-50.0,-45.0,-45.0,-45.0,-50.0,-45.0,-45.0,-50.0,-45.0,-45.0,-40.0,-35.0,-50.0,-45.0,-35.0,-50.0,-50.0,-40.0,-40.0,-45.0,-50.0,-50.0,-40.0,-35.0,-45.0,-35.0,-50.0,-50.0,-50.0,-45.0,-40.0,-50.0,-50.0,-45.0,-50.0,-45.0,-50.0,-50.0,-45.0,-30.0,-35.0,-50.0,-50.0,-45.0,-50.0,-45.0,-45.0,-40.0,-50.0,-50.0,-45.0,-30.0,-50.0,-45.0,-45.0,-50.0,-45.0,-50.0,-50.0,-50.0,-45.0,-40.0,-40.0,-50.0,-50.0,-50.0,-35.0,-50.0,-45.0,-50.0,-50.0,-30.0,-40.0,-50.0,-40.0,-40.0,-40.0,-45.0,-45.0,-45.0,-50.0,-50.0,-30.0,-45.0,-40.0,-50.0,-50.0,-50.0,-50.0,-30.0,-50.0,-45.0,-50.0,-50.0,-50.0,-45.0,-50.0,-45.0,-50.0,-50.0,-45.0,-45.0,-50.0,-40.0,-50.0,-45.0,-40.0,-45.0,-45.0,-50.0,-40.0,-50.0,-50.0,-40.0,-45.0,-45.0,-50.0,-50.0,-50.0,-50.0,-50.0,-50.0,-50.0,-50.0,-45.0,-40.0,-45.0,-50.0,-50.0,-40.0,-45.0,-40.0,-40.0,-40.0,-45.0,-50.0,-45.0,-50.0,-35.0,-50.0,-50.0,-40.0,-50.0,-50.0,-50.0,-45.0,-50.0,-50.0,-45.0,-50.0,-50.0,-50.0,-50.0,-45.0,-50.0,-45.0,-45.0,-35.0,-45.0,-45.0,-45.0,-50.0,-50.0,-50.0,-50.0,-50.0,-40.0,-50.0,-40.0,-45.0,-45.0,-40.0,-40.0,-45.0,-45.0,-50.0,-50.0,-50.0,-50.0,-40.0,-45.0,-35.0,-50.0,-40.0,-50.0,-50.0,-45.0,-50.0,-50.0,-40.0,-50.0,-40.0,-35.0,-45.0,-45.0,-35.0,-45.0,-45.0,-50.0,-50.0,-40.0,-35.0,-40.0,-50.0,-45.0,-50.0,-50.0,-50.0,-35.0,-40.0,-50.0,-45.0,-45.0,-45.0,-50.0,-40.0,-50.0,-50.0,-50.0,-40.0,-50.0,-45.0,-40.0,-40.0,-45.0,-50.0,-40.0,-50.0,-40.0,-45.0,-50.0,-45.0,-50.0,-40.0,-25.0,-50.0,-50.0,-45.0,-45.0,-45.0,-45.0,-40.0,-40.0,-40.0,-50.0,-40.0,-45.0,-50.0,-45.0,-35.0,-50.0,-40.0,-30.0,-50.0,-45.0,-50.0,-45.0,-50.0,-45.0,-45.0,-45.0,-40.0,-50.0,-50.0,-45.0,-45.0,-45.0,-50.0,-50.0,-25.0,-30.0,-40.0,-45.0,-45.0,-50.0,-45.0,-45.0,-50.0,-30.0,-40.0,-45.0,-50.0,-45.0,-50.0,-35.0,-50.0,-45.0,-50.0,-45.0,-50.0,-35.0,-50.0,-40.0,-50.0,-50.0,-40.0,-50.0,-50.0,-40.0,-40.0,-45.0,-50.0,-50.0,-50.0,-45.0,-45.0,-40.0,-45.0,-45.0,-45.0,-50.0,-45.0,-40.0,-40.0,-50.0,-45.0,-45.0,-35.0,-50.0,-45.0,-50.0,-30.0,-40.0,-35.0,-50.0,-50.0,-45.0,-50.0,-50.0,-50.0,-50.0,-35.0,-30.0,-40.0,-50.0,-50.0,-45.0,-50.0,-45.0,-45.0,-45.0,-45.0,-45.0,-45.0,-50.0,-40.0,-40.0,-45.0,-50.0,-50.0,-45.0,-50.0,-45.0,-40.0,-50.0,-50.0,-35.0,-50.0,-45.0,-30.0,-45.0,-50.0,-50.0,-40.0,-50.0,-50.0,-50.0,-50.0,-50.0,-50.0,-45.0,-45.0,-45.0,-50.0,-50.0,-50.0,-50.0,-50.0,-50.0,-45.0,-50.0,-50.0,-50.0,-50.0,-35.0,-50.0,-20.0,-50.0,-40.0,-50.0,-40.0,-45.0,-50.0,-45.0,-30.0,-40.0,-45.0,-50.0,-45.0,-45.0,-50.0,-50.0,-40.0,-50.0,-50.0,-45.0,-45.0,-50.0,-50.0,-50.0,-40.0,-45.0,-40.0,-50.0,-50.0,-50.0,-50.0,-45.0,-45.0,-45.0,-40.0,-50.0,-50.0,-50.0,-35.0,-35.0,-45.0,-35.0,-40.0,-45.0,-50.0,-50.0,-45.0,-50.0,-45.0,-45.0,-50.0,-45.0,-45.0,-45.0,-50.0,-50.0,-35.0,-45.0,-50.0,-50.0,-40.0,-50.0,-50.0,-40.0,-45.0,-40.0,-45.0,-35.0,-45.0,-50.0,-50.0,-50.0,-45.0,-50.0,-50.0,-25.0,-40.0,-45.0,-35.0,-45.0,-50.0,-50.0,-45.0,-50.0,-45.0,-45.0,-50.0,-45.0,-45.0,-45.0,-45.0,-50.0,-40.0,-45.0,-40.0,-50.0,-45.0,-30.0,-50.0,-30.0,-50.0,-40.0,-45.0,-50.0,-45.0,-45.0,-50.0,-35.0,-50.0,-25.0,-50.0,-40.0,-45.0,-35.0,-50.0,-45.0,-50.0,-50.0,-50.0,-50.0,-40.0,-45.0,-40.0,-50.0,-50.0,-40.0,-40.0,-50.0,-50.0,-40.0,-45.0,-40.0,-35.0,-45.0,-50.0,-50.0,-40.0,-45.0,-45.0,-50.0,-45.0,-45.0,-45.0,-40.0,-50.0,-45.0,-45.0,-50.0,-45.0,-50.0,-25.0,-50.0,-45.0,-40.0,-50.0,-45.0,-45.0,-50.0,-50.0,-45.0,-40.0,-40.0,-40.0,-50.0,-35.0,-40.0,-35.0,-40.0,-40.0,-45.0,-50.0,-40.0,-50.0,-35.0,-45.0,-50.0,-45.0,-50.0,-40.0,-45.0,-45.0,-45.0,-50.0,-45.0,-45.0,-45.0,-40.0,-40.0,-35.0,-35.0,-50.0,-45.0,-45.0,-30.0,-50.0,-50.0,-45.0,-35.0,-45.0,-45.0,-40.0,-40.0,-50.0,-45.0,-40.0,-40.0,-45.0,-45.0,-35.0,-40.0,-50.0,-40.0,-30.0,-35.0,-35.0,-40.0,-50.0,-45.0,-50.0,-45.0,-45.0,-40.0,-50.0,-45.0,-40.0,-40.0,-45.0,-40.0,-45.0,-45.0,-40.0,-45.0,-50.0,-40.0,-35.0,-40.0,-35.0,-50.0,-45.0,-45.0,-30.0,-50.0,-45.0,-45.0,-45.0,-50.0,-45.0,-50.0,-45.0,-40.0,-40.0,-50.0,-50.0,-50.0,-50.0,-35.0,-45.0,-45.0,-50.0,-45.0,-50.0,-50.0,-45.0,-35.0,-45.0,-45.0,-50.0,-45.0,-45.0,-40.0,-50.0,-40.0,-50.0,-50.0,-40.0,-40.0,-50.0,-25.0,-45.0,-50.0,-35.0,-40.0,-35.0,-45.0,-40.0,-45.0,-50.0,-40.0,-50.0,-50.0,-50.0,-35.0,-30.0,-45.0,-45.0,-50.0,-45.0,-35.0,-45.0,-40.0,-50.0,-45.0,-35.0,-45.0,-45.0,-45.0,-45.0,-45.0,-50.0,-40.0,-45.0,-40.0,-40.0,-45.0,-50.0,-50.0,-50.0,-50.0,-45.0,-35.0,-45.0,-45.0,-50.0,-45.0,-40.0,-50.0,-45.0,-45.0,-50.0,-40.0,-45.0,-45.0,-50.0,-45.0,-50.0,-50.0,-40.0,-45.0,-30.0,-40.0,-40.0,-45.0,-50.0,-50.0,-45.0,-45.0,-50.0,-45.0,-50.0,-35.0,-50.0,-50.0,-45.0,-45.0,-45.0,-50.0,-50.0,-50.0,-50.0,-45.0,-40.0,-50.0,-50.0,-50.0,-45.0,-50.0,-40.0,-45.0,-40.0,-30.0,-50.0,-45.0,-50.0,-35.0,-50.0,-30.0,-45.0,-40.0,-50.0,-50.0,-45.0,-50.0,-45.0,-35.0,-40.0,-40.0,-45.0,-50.0,-30.0,-50.0,-45.0,-40.0,-20.0,-45.0,-50.0,-30.0,-50.0,-50.0,-45.0,-45.0,-45.0,-50.0,-40.0,-45.0,-45.0,-45.0,-40.0,-40.0,-30.0,-50.0,-40.0,-45.0,-45.0,-50.0,-50.0,-45.0,-50.0,-35.0,-50.0,-45.0,-45.0,-35.0,-35.0,-40.0,-50.0,-50.0,-40.0,-25.0,-45.0,-40.0,-50.0,-35.0,-40.0,-40.0,-45.0,-35.0,-50.0,-45.0,-50.0,-40.0,-40.0,-50.0,-50.0,-45.0,-35.0,-45.0,-50.0,-50.0,-45.0,-45.0,-45.0,-45.0,-50.0,-40.0,-35.0,-50.0,-25.0,-50.0,-50.0,-40.0,-40.0,-40.0,-45.0,-40.0,-45.0,-35.0,-45.0,-50.0,-45.0,-40.0,-40.0,-45.0,-45.0,-50.0,-50.0,-40.0,-40.0,-50.0,-45.0,-50.0,-40.0,-45.0,-50.0,-40.0,-45.0,-40.0,-50.0,-50.0,-50.0,-30.0,-50.0,-45.0,-45.0,-45.0,-35.0,-45.0,-40.0,-50.0,-40.0,-45.0,-45.0,-40.0,-50.0,-45.0,-45.0,-45.0,-45.0,-50.0,-45.0,-50.0,-30.0,-40.0,-45.0,-40.0,-45.0,-50.0,-35.0,-45.0,-40.0,-40.0,-45.0,-35.0,-45.0,-40.0,-35.0,-40.0,-25.0,-45.0,-45.0,-45.0,-45.0,-40.0,-50.0,-45.0,-35.0,-50.0,-40.0,-50.0,-40.0,-50.0,-45.0,-50.0,-30.0,-50.0,-40.0,-45.0,-35.0,-45.0,-45.0,-45.0,-45.0,-45.0,-45.0,-40.0,-50.0,-45.0,-35.0,-35.0,-50.0,-35.0,-50.0,-50.0,-45.0,-50.0,-50.0,-50.0,-45.0,-45.0,-45.0,-40.0,-45.0,-50.0,-40.0,-35.0,-40.0,-40.0,-45.0,-45.0,-25.0,-45.0,-50.0,-35.0,-45.0,-40.0,-30.0,-45.0,-45.0,-45.0,-35.0,-35.0,-35.0,-45.0,-50.0,-45.0,-45.0,-40.0,-45.0,-25.0,-40.0,-40.0,-40.0,-20.0,-35.0,-50.0,-45.0,-40.0,-35.0,-40.0,-30.0,-30.0,-45.0,-30.0,-50.0,-45.0,-40.0,-50.0,-45.0,-35.0,-35.0,-40.0,-10.0,-30.0,-40.0,-35.0,-35.0,-35.0,-45.0,-40.0,-25.0,-40.0,-40.0,-40.0,-50.0,-45.0,-45.0,-45.0,-40.0,-40.0,-40.0,-35.0,-40.0,-40.0,-30.0,-20.0,-20.0,-45.0,-30.0,-35.0,-30.0,-30.0,-40.0,-45.0,-35.0,-40.0,-30.0,-45.0,-35.0,-35.0,-40.0,-30.0,-40.0,-30.0,-35.0,-30.0,-40.0,-35.0,-30.0,-40.0,-25.0,-50.0,-50.0,-50.0,-45.0,-35.0,-35.0,-50.0,-45.0,-35.0,-45.0,-30.0,-50.0,-45.0,-45.0,-40.0,-35.0,-45.0,-40.0,-30.0,-40.0,-45.0,-45.0,-50.0,-20.0,-35.0,-30.0,-50.0,-35.0,-40.0,-35.0,-50.0,-35.0,-45.0,-35.0,-50.0,-40.0,-25.0,-40.0,-40.0,-35.0,-30.0,-30.0,-25.0,-50.0,-45.0,-45.0,-50.0,-45.0,-35.0,-40.0,-50.0,-50.0,-40.0,-40.0,-50.0,-45.0,-45.0,-50.0,-45.0,-50.0,-35.0,-40.0,-40.0,-45.0,-40.0,-50.0,-45.0,-45.0,-45.0,-45.0,-40.0,-45.0,-40.0,-45.0,-40.0,-35.0,-45.0,-40.0,-40.0,-40.0,-45.0,-45.0,-45.0,-50.0,-45.0,-45.0,-50.0,-45.0,-20.0,-35.0,-40.0,-45.0,-40.0,-50.0,-45.0,-45.0,-25.0,-40.0,-50.0,-35.0,-45.0,-35.0,-45.0,-30.0,-40.0,-45.0,-40.0,-25.0,-40.0,-50.0,-35.0,-45.0,-50.0,-40.0,-45.0,-50.0,-30.0,-20.0,-25.0,-30.0,-40.0,-50.0,-40.0,-45.0,-40.0,-45.0,-35.0,-45.0,-45.0,-40.0,-45.0,-50.0,-35.0,-40.0,-50.0,-35.0,-45.0,-35.0,-45.0,-35.0,-30.0,-20.0,-40.0,-40.0,-40.0,-35.0,-45.0,-45.0,-45.0,-45.0,-45.0,-45.0,-35.0,-50.0,-45.0,-45.0,-40.0,-50.0,-45.0,-35.0,-35.0,-45.0,-40.0,-50.0,-35.0,-45.0,-45.0,-45.0,-30.0,-40.0,-45.0,-40.0,-35.0,-35.0,-45.0,-45.0,-45.0,-20.0,-35.0,-35.0,-40.0,-45.0,-35.0,-45.0,-35.0,-40.0,-35.0,-40.0,-50.0,-30.0,-40.0,-45.0,-35.0,-50.0,-45.0,-30.0,-45.0,-50.0,-35.0,-40.0,-30.0,-50.0,-40.0,-40.0,-40.0,-25.0,-40.0,-45.0,-35.0,-40.0,-40.0,-45.0,-40.0,-45.0,-50.0,-40.0,-25.0,-40.0,-40.0,-30.0,-35.0,-40.0,-50.0,-20.0,-40.0,-35.0,-30.0,-40.0,-40.0,-45.0,-45.0,-35.0,-50.0,-40.0,-40.0,-45.0,-50.0,-40.0,-50.0,-40.0,-45.0,-45.0,-50.0,-40.0,-50.0,-45.0,-40.0,-45.0,-35.0,-50.0,-40.0,-45.0,-45.0,-40.0,-40.0,-50.0,-45.0,-45.0,-40.0,-45.0,-40.0,-50.0,-45.0,-45.0,-40.0,-50.0,-45.0,-45.0,-40.0,-50.0,-40.0,-45.0,-50.0,-45.0,-40.0,-40.0,-45.0,-35.0,-40.0,-35.0,-45.0,-40.0,-45.0,-50.0,-45.0,-35.0,-40.0,-35.0,-45.0,-30.0,-40.0,-45.0,-50.0,-45.0,-50.0,-40.0,-40.0,-50.0,-45.0,-45.0,-45.0,-40.0,-45.0,-45.0,-40.0,-40.0,-35.0,-50.0,-50.0,-45.0,-30.0,-45.0,-45.0,-25.0,-50.0,-45.0,-50.0,-45.0,-40.0,-50.0,-40.0,-50.0,-45.0,-40.0,-25.0,-45.0,-35.0,-50.0,-45.0,-35.0,-45.0,-25.0,-30.0,-50.0,-40.0,-40.0,-40.0,-45.0,-35.0,-50.0,-50.0,-50.0,-45.0,-40.0,-40.0,-50.0,-35.0,-50.0,-35.0,-50.0,-30.0,-50.0,-35.0,-35.0,-50.0,-50.0,-40.0,-50.0,-40.0,-40.0,-50.0,-45.0,-45.0,-45.0,-45.0,-45.0,-50.0,-30.0,-50.0,-50.0,-50.0,-35.0,-45.0,-40.0,-45.0,-40.0,-45.0,-45.0,-45.0,-45.0,-20.0,-40.0,-45.0,-45.0,-50.0,-45.0,-40.0,-50.0,-40.0,-45.0,-50.0,-50.0,-30.0,-35.0,-25.0,-40.0,-40.0,-35.0,-45.0,-50.0,-45.0,-45.0,-40.0,-50.0,-45.0,-50.0,-35.0,-40.0,-45.0,-45.0,-50.0,-30.0,-45.0,-50.0,-50.0,-50.0,-40.0,-45.0,-45.0,-30.0,-35.0,-45.0,-45.0,-25.0,-45.0,-40.0,-40.0,-45.0,-40.0,-45.0,-50.0,-40.0,-30.0,-35.0,-45.0,-50.0,-40.0,-50.0,-50.0,-35.0,-50.0,-45.0,-35.0,-40.0,-45.0,-45.0,-35.0,-50.0,-35.0,-45.0,-45.0,-45.0,-40.0,-40.0,-50.0,-50.0,-50.0,-45.0,-30.0,-40.0,-50.0,-45.0,-50.0,-50.0,-45.0,-50.0,-45.0,-50.0,-40.0,-35.0,-40.0,-50.0,-50.0,-40.0,-45.0,-40.0,-45.0,-50.0,-45.0,-50.0,-50.0,-50.0,-50.0,-50.0,-45.0,-40.0,-35.0,-45.0,-40.0,-45.0,-45.0,-40.0,-45.0,-45.0,-45.0,-50.0,-45.0,-50.0,-45.0,-50.0,-45.0,-50.0,-45.0,-40.0,-45.0,-50.0,-45.0,-45.0,-50.0,-50.0,-50.0,-45.0,-50.0,-50.0,-45.0,-20.0,-45.0,-40.0,-35.0,-50.0,-50.0,-40.0,-45.0,-50.0,-45.0,-45.0,-50.0,-45.0,-45.0,-50.0,-45.0,-35.0,-40.0,-45.0,-50.0,-45.0,-40.0,-45.0,-50.0,-45.0,-50.0,-45.0,-50.0,-40.0,-45.0,-40.0,-40.0,-45.0,-45.0,-50.0,-45.0,-45.0,-40.0,-50.0,-45.0,-45.0,-50.0,-45.0,-40.0,-50.0,-50.0,-50.0,-50.0,-40.0,-45.0,-50.0,-50.0,-30.0,-50.0,-45.0,-40.0,-50.0,-50.0,-45.0,-50.0,-45.0,-50.0,-40.0,-40.0,-45.0,-40.0,-45.0,-45.0,-50.0,-50.0,-50.0,-50.0,-35.0,-50.0,-40.0,-50.0,-45.0,-45.0,-45.0,-40.0,-50.0,-45.0,-45.0,-45.0,-45.0,-40.0,-50.0,-45.0,-45.0,-50.0,-50.0,-40.0,-50.0,-50.0,-50.0,-45.0,-45.0,-50.0,-40.0,-50.0,-40.0,-50.0,-40.0,-40.0,-50.0,-45.0,-40.0,-45.0,-40.0,-45.0,-35.0,-50.0,-35.0,-40.0,-50.0,-45.0,-45.0,-45.0,-45.0,-45.0,-50.0,-50.0,-35.0,-40.0,-45.0,-45.0,-40.0,-45.0,-40.0,-50.0,-50.0,-50.0,-50.0,-35.0,-50.0,-45.0,-40.0,-50.0,-35.0,-40.0,-45.0,-50.0,-40.0,-40.0,-35.0,-50.0,-50.0,-40.0,-45.0,-50.0,-45.0,-40.0,-35.0,-50.0,-35.0,-50.0,-45.0,-50.0,-30.0,-40.0,-45.0,-45.0,-45.0,-40.0,-50.0,-50.0,-45.0,-40.0,-35.0,-35.0,-40.0,-40.0,-45.0,-45.0,-45.0,-40.0,-45.0,-45.0,-45.0,-45.0,-35.0,-45.0,-45.0,-50.0,-45.0,-45.0,-35.0,-40.0,-40.0,-35.0,-50.0,-40.0,-50.0,-45.0,-35.0,-50.0,-50.0,-40.0,-50.0,-35.0,-45.0,-30.0,-45.0,-30.0,-40.0,-45.0,-30.0,-45.0,-40.0,-40.0,-40.0,-35.0,-45.0,-50.0,-40.0,-40.0,-45.0,-30.0,-45.0,-50.0,-40.0,-40.0,-50.0,-30.0,-15.0,-45.0,-40.0,-40.0,-35.0,-50.0,-35.0,-35.0,-45.0,-35.0,-45.0,-25.0,-40.0,-45.0,-45.0,-40.0,-40.0,-50.0,-50.0,-45.0,-50.0,-40.0,-40.0,-50.0,-50.0,-50.0,-40.0,-45.0,-50.0,-50.0,-50.0,-45.0,-40.0,-35.0,-35.0,-40.0,-45.0,-45.0,-50.0,-50.0,-20.0,-45.0,-35.0,-40.0,-50.0,-50.0,-50.0,-50.0,-35.0,-45.0,-50.0,-45.0,-50.0,-50.0,-45.0,-40.0,-40.0,-45.0,-45.0,-50.0,-45.0,-50.0,-50.0,-45.0,-45.0,-35.0,-35.0,-50.0,-50.0,-30.0,-50.0,-45.0,-45.0,-40.0,-45.0,-45.0,-45.0,-35.0,-20.0,-50.0,-40.0,-40.0,-35.0,-40.0,-50.0,-45.0,-50.0,-45.0,-40.0,-35.0,-30.0,-30.0,-50.0,-40.0,-50.0,-50.0,-50.0,-35.0,-40.0,-40.0,-40.0,-35.0,-40.0,-40.0,-45.0,-45.0,-50.0,-45.0,-50.0,-40.0,-45.0,-40.0,-50.0,-50.0,-50.0,-45.0,-45.0,-50.0,-40.0,-50.0,-50.0,-40.0,-45.0,-40.0,-40.0,-45.0,-50.0,-50.0,-45.0,-40.0,-50.0,-35.0,-35.0,-45.0,-40.0,-50.0,-40.0,-50.0,-40.0,-40.0,-50.0,-50.0,-50.0,-45.0,-50.0,-40.0,-50.0,-45.0,-45.0,-35.0,-45.0,-45.0,-45.0,-50.0,-50.0,-50.0,-45.0,-45.0,-45.0,-50.0,-45.0,-50.0,-50.0,-40.0,-50.0,-40.0,-50.0,-50.0,-40.0,-40.0,-45.0,-45.0,-50.0,-50.0,-45.0,-45.0,-50.0,-50.0,-40.0,-45.0,-25.0,-40.0,-50.0,-50.0,-30.0,-45.0,-50.0,-50.0,-45.0,-45.0,-40.0,-40.0,-45.0,-50.0,-50.0,-45.0,-50.0,-45.0,-50.0,-50.0,-35.0,-50.0,-50.0,-50.0,-50.0,-45.0,-50.0,-50.0,-50.0,-50.0,-50.0,-45.0,-40.0,-50.0,-50.0,-45.0,-50.0,-45.0,-50.0,-45.0,-50.0,-45.0,-50.0,-50.0,-50.0,-50.0,-45.0,-50.0,-50.0,-50.0,-45.0,-50.0,-50.0,-50.0,-50.0,-45.0,-45.0,-50.0,-45.0,-50.0,-45.0,-50.0,-50.0,-50.0,-45.0,-45.0,-45.0,-50.0,-35.0,-40.0,-45.0,-50.0,-40.0,-50.0,-50.0,-40.0,-40.0,-50.0,-45.0,-50.0,-50.0,-45.0,-45.0,-50.0,-50.0,-40.0,-40.0,-35.0,-40.0,-45.0,-50.0,-45.0,-45.0,-50.0,-45.0,-50.0,-50.0,-45.0,-50.0,-50.0,-50.0,-50.0,-45.0,-45.0,-40.0,-45.0,-45.0,-50.0,-50.0,-45.0,-50.0,-50.0,-50.0,-45.0,-50.0,-50.0,-50.0,-50.0,-50.0,-50.0,-50.0,-50.0,-45.0,-45.0,-50.0,-45.0,-50.0,-40.0,-40.0,-45.0,-50.0,-50.0,-45.0,-45.0,-45.0,-50.0,-50.0,-50.0,-40.0,-50.0,-50.0,-45.0,-50.0,-50.0,-45.0,-50.0,-45.0,-45.0,-50.0,-50.0,-50.0,-50.0,-50.0,-50.0,-40.0,-50.0,-45.0,-45.0,-45.0,-40.0,-50.0,-50.0,-50.0,-45.0,-45.0,-50.0,-45.0,-45.0,-50.0,-50.0,-45.0,-50.0,-40.0,-50.0,-50.0,-50.0,-50.0,-40.0,-50.0,-50.0,-40.0,-50.0,-50.0,-45.0,-45.0,-45.0,-50.0,-40.0,-45.0,-50.0,-50.0,-45.0,-40.0,-45.0,-50.0,-50.0,-40.0,-50.0,-50.0,-50.0,-40.0,-45.0,-50.0,-50.0,-50.0,-45.0,-50.0,-50.0,-50.0,-50.0,-45.0,-50.0,-50.0,-50.0,-40.0,-50.0,-50.0,-45.0,-45.0,-50.0,-45.0,-50.0,-45.0,-50.0,-50.0,-50.0,-50.0,-45.0,-50.0,-50.0,-45.0,-50.0,-50.0,-45.0,-50.0,-45.0,-45.0,-45.0,-45.0,-50.0,-50.0,-50.0,-50.0,-50.0,-45.0,-50.0,-50.0,-50.0,-50.0,-50.0,-50.0,-45.0,-40.0,-50.0,-50.0,-40.0,-45.0,-45.0,-45.0,-45.0,-45.0,-50.0,-50.0,-45.0,-50.0,-45.0,-50.0,-40.0,-50.0,-50.0,-50.0,-45.0,-45.0,-50.0,-45.0,-50.0,-50.0,-50.0,-45.0,-50.0,-50.0,-50.0,-45.0,-45.0,-50.0,-45.0,-50.0,-50.0,-45.0,-45.0,-50.0,-35.0,-45.0,-40.0,-45.0,-50.0,-50.0,-50.0,-45.0,-45.0,-50.0,-50.0,-45.0,-45.0,-50.0,-45.0,-35.0,-35.0,-45.0,-50.0,-45.0,-45.0,-50.0,-50.0,-50.0,-50.0,-45.0,-35.0,-35.0,-45.0,-45.0,-45.0,-50.0,-50.0,-45.0,-50.0,-40.0,-45.0,-40.0,-40.0,-50.0,-45.0,-35.0,-45.0,-50.0,-45.0,-40.0,-50.0,-50.0,-45.0,-50.0,-50.0,-50.0,-40.0,-50.0,-35.0,-45.0,-50.0,-40.0,-45.0,-45.0,-45.0,-50.0,-45.0,-50.0,-40.0,-45.0,-50.0,-45.0,-50.0,-45.0,-50.0,-50.0,-45.0,-45.0,-40.0,-40.0,-35.0,-45.0,-45.0,-30.0,-50.0,-45.0,-40.0,-45.0,-25.0,-40.0,-30.0,-45.0,-45.0,-40.0,-45.0,-50.0,-45.0,-40.0,-45.0,-40.0,-50.0,-50.0,-45.0,-50.0,-50.0,-50.0,-45.0,-45.0,-45.0,-45.0,-50.0,-50.0,-50.0,-40.0,-45.0,-40.0,-50.0,-40.0,-50.0,-45.0,-50.0,-45.0,-45.0,-50.0,-45.0,-45.0,-50.0,-45.0,-45.0,-45.0,-45.0,-50.0,-50.0,-40.0,-45.0,-50.0,-40.0,-50.0,-45.0,-25.0,-50.0,-50.0,-40.0,-35.0,-45.0,-50.0,-45.0,-40.0,-50.0,-40.0,-50.0,-35.0,-50.0,-40.0,-45.0,-45.0,-45.0,-35.0,-50.0,-50.0,-45.0,-40.0,-45.0,-45.0,-40.0,-30.0,-50.0,-45.0,-45.0,-40.0,-25.0,-45.0,-50.0,-35.0,-50.0,-50.0,-45.0,-50.0,-45.0,-45.0,-50.0,-45.0,-50.0,-40.0,-50.0,-35.0,-50.0,-50.0,-50.0,-45.0,-45.0,-45.0,-45.0,-50.0,-50.0,-50.0,-50.0,-50.0,-50.0,-50.0,-50.0,-45.0,-50.0,-50.0,-45.0,-50.0,-40.0,-50.0,-50.0,-50.0,-45.0,-45.0,-50.0,-50.0,-35.0,-45.0,-45.0,-50.0,-50.0,-45.0,-45.0,-35.0,-45.0,-40.0,-40.0,-40.0,-40.0,-40.0,-40.0,-35.0,-50.0,-50.0,-40.0,-30.0,-35.0,-50.0,-50.0,-35.0,-45.0,-50.0,-50.0,-45.0,-50.0,-50.0,-45.0,-50.0,-45.0,-50.0,-45.0,-40.0,-50.0,-50.0,-45.0,-50.0,-45.0,-50.0,-40.0,-45.0,-45.0,-50.0,-50.0,-45.0,-35.0,-45.0,-50.0,-45.0,-50.0,-50.0,-45.0,-45.0,-50.0,-50.0,-50.0,-50.0,-50.0,-50.0,-45.0,-50.0,-50.0,-50.0,-50.0,-45.0,-40.0,-45.0,-50.0,-40.0,-50.0,-50.0,-35.0,-35.0,-35.0,-50.0,-50.0,-45.0,-50.0,-50.0,-45.0,-50.0,-45.0,-45.0,-45.0,-50.0,-50.0,-45.0,-45.0,-45.0,-50.0,-40.0,-50.0,-50.0,-50.0,-50.0,-50.0,-50.0,-50.0,-45.0,-50.0,-40.0,-45.0,-35.0,-45.0,-50.0,-50.0,-50.0,-45.0,-45.0,-50.0,-45.0,-45.0,-50.0,-45.0,-50.0,-50.0,-50.0,-50.0,-40.0,-50.0,-45.0,-45.0,-35.0,-45.0,-40.0,-45.0,-45.0,-45.0,-50.0,-50.0,-50.0,-40.0,-50.0,-50.0,-50.0,-45.0,-50.0,-50.0,-50.0,-50.0,-50.0,-40.0,-50.0,-40.0,-45.0,-45.0,-45.0,-50.0,-50.0,-50.0,-40.0,-50.0,-45.0,-50.0,-45.0,-45.0,-50.0,-45.0,-50.0,-45.0,-40.0,-50.0,-50.0,-45.0,-45.0,-45.0,-50.0,-40.0,-50.0,-50.0,-50.0,-50.0,-40.0,-40.0,-40.0,-50.0,-40.0,-45.0,-45.0,-40.0,-40.0,-45.0,-50.0,-50.0,-40.0,-30.0,-50.0,-50.0,-45.0,-40.0,-45.0,-50.0,-40.0,-50.0,-35.0,-35.0,-50.0,-45.0,-50.0,-50.0,-50.0,-50.0,-45.0,-50.0,-45.0,-50.0,-40.0,-50.0,-50.0,-40.0,-40.0,-45.0,-45.0,-50.0,-50.0,-50.0,-50.0,-45.0,-45.0,-45.0,-50.0,-45.0,-45.0,-50.0,-50.0,-45.0,-50.0,-50.0,-50.0,-45.0,-40.0,-45.0,-40.0,-40.0,-45.0,-45.0,-45.0,-50.0,-50.0,-45.0,-30.0,-40.0,-45.0,-50.0,-45.0,-40.0,-50.0,-50.0,-45.0,-45.0,-45.0,-50.0,-45.0,-45.0,-45.0,-40.0,-45.0,-45.0,-50.0,-45.0,-50.0,-45.0,-45.0,-45.0,-35.0,-45.0,-50.0,-50.0,-50.0,-45.0,-50.0,-50.0,-40.0,-45.0,-45.0,-45.0,-40.0,-40.0,-45.0,-45.0,-45.0,-45.0,-45.0,-35.0,-45.0,-40.0,-45.0,-45.0,-50.0,-35.0,-20.0,-50.0,-50.0,-45.0,-40.0,-40.0,-40.0,-50.0,-50.0,-35.0,-40.0,-50.0,-50.0,-45.0,-40.0,-35.0,-45.0,-45.0,-45.0,-50.0,-45.0,-50.0,-50.0,-50.0,-50.0,-45.0,-30.0,-45.0,-40.0,-50.0,-40.0,-40.0,-50.0,-35.0,-45.0,-35.0,-45.0,-50.0,-35.0,-50.0,-50.0,-45.0,-50.0,-45.0,-50.0,-45.0,-40.0,-40.0,-45.0,-45.0,-40.0,-50.0,-50.0,-40.0,-45.0,-50.0,-40.0,-50.0,-45.0,-45.0,-50.0,-45.0,-40.0,-40.0,-45.0,-45.0,-40.0,-45.0,-40.0,-45.0,-50.0,-40.0,-50.0,-45.0,-50.0,-45.0,-50.0,-40.0,-40.0,-50.0,-45.0,-45.0,-40.0,-50.0,-50.0,-35.0,-35.0,-40.0,-45.0,-40.0,-50.0,-45.0,-25.0,-45.0,-40.0,-50.0,-45.0,-50.0,-50.0,-50.0,-50.0,-45.0,-50.0,-45.0,-45.0,-45.0,-50.0,-50.0,-50.0,-45.0,-45.0,-45.0,-50.0,-50.0,-45.0,-50.0,-45.0,-50.0,-50.0,-45.0,-40.0,-45.0,-45.0,-40.0,-50.0,-50.0,-40.0,-50.0,-40.0,-45.0,-45.0,-40.0,-45.0,-50.0,-45.0,-50.0,-50.0,-40.0,-40.0,-45.0,-35.0,-45.0,-40.0,-50.0,-35.0,-50.0,-45.0,-50.0,-45.0,-50.0,-45.0,-50.0,-50.0,-50.0,-40.0,-45.0,-40.0,-50.0,-50.0,-50.0,-50.0,-35.0,-50.0,-45.0,-35.0,-45.0,-45.0,-45.0,-45.0,-40.0,-50.0,-50.0,-50.0,-50.0,-45.0,-45.0,-45.0,-50.0,-50.0,-45.0,-45.0,-45.0,-40.0,-45.0,-40.0,-35.0,-40.0,-45.0,-50.0,-40.0,-45.0,-50.0,-45.0,-40.0,-50.0,-45.0,-45.0,-45.0,-50.0,-45.0,-50.0,-45.0,-45.0,-50.0,-40.0,-50.0,-45.0,-50.0,-45.0,-50.0,-45.0,-50.0,-45.0,-50.0,-50.0,-50.0,-50.0,-50.0,-50.0,-50.0,-50.0,-45.0,-30.0,-50.0,-50.0,-50.0,-50.0,-45.0,-45.0,-50.0,-45.0,-50.0,-45.0,-50.0,-50.0,-50.0,-45.0,-40.0,-50.0,-50.0,-45.0,-45.0,-40.0,-45.0,-50.0,-50.0,-50.0,-50.0,-50.0,-45.0,-50.0,-45.0,-50.0,-45.0,-50.0,-30.0,-45.0,-45.0,-50.0,-45.0,-50.0,-50.0,-45.0,-50.0,-40.0,-45.0,-45.0,-45.0,-50.0,-50.0,-50.0,-45.0,-50.0,-45.0,-45.0,-45.0,-50.0,-50.0,-50.0,-50.0,-40.0,-50.0,-50.0,-50.0,-45.0,-50.0,-50.0,-50.0,-50.0,-50.0,-45.0,-45.0,-45.0,-40.0,-40.0,-50.0,-50.0,-40.0,-50.0,-45.0,-50.0,-40.0,-45.0,-50.0,-45.0,-40.0,-50.0,-50.0,-50.0,-45.0,-45.0,-50.0,-50.0,-50.0,-45.0,-45.0,-45.0,-45.0,-50.0,-40.0,-50.0,-50.0,-45.0,-45.0,-50.0,-50.0,-50.0,-50.0,-40.0,-50.0,-50.0,-35.0,-45.0,-50.0,-40.0,-50.0,-45.0,-45.0,-45.0,-40.0,-50.0,-50.0,-40.0,-35.0,-40.0,-50.0,-40.0,-50.0,-40.0,-40.0,-50.0,-50.0,-45.0,-50.0,-50.0,-45.0,-45.0,-45.0,-50.0,-40.0,-35.0,-45.0,-50.0,-50.0,-45.0,-50.0,-50.0,-50.0,-50.0,-45.0,-30.0,-50.0,-50.0,-50.0,-40.0,-35.0,-50.0,-45.0,-50.0,-40.0,-40.0,-40.0,-45.0,-45.0,-40.0,-50.0,-45.0,-50.0,-50.0,-25.0,-50.0,-40.0,-50.0,-45.0,-45.0,-40.0,-45.0,-50.0,-45.0,-50.0,-45.0,-45.0,-50.0,-50.0,-45.0,-45.0,-40.0,-45.0,-50.0,-35.0,-50.0,-45.0,-45.0,-50.0,-45.0,-40.0,-50.0,-50.0,-45.0,-50.0,-35.0,-40.0,-45.0,-45.0,-50.0,-45.0,-45.0,-35.0,-45.0,-45.0,-45.0,-30.0,-50.0,-40.0,-50.0,-50.0,-50.0,-50.0,-40.0,-40.0,-45.0,-40.0,-50.0,-45.0,-50.0,-45.0,-50.0,-50.0,-50.0,-50.0,-45.0,-45.0,-45.0,-45.0,-50.0,-50.0,-35.0,-50.0,-45.0,-50.0,-45.0,-50.0,-50.0,-45.0,-50.0,-45.0,-45.0,-45.0,-40.0,-35.0,-50.0,-50.0,-45.0,-50.0,-45.0,-50.0,-50.0,-50.0,-45.0,-45.0,-50.0,-50.0,-50.0,-45.0,-45.0,-50.0,-35.0,-50.0,-50.0,-45.0,-50.0,-50.0,-50.0,-45.0,-50.0,-50.0,-50.0,-50.0,-50.0,-50.0,-45.0,-50.0,-50.0,-50.0,-50.0,-45.0,-40.0,-40.0,-50.0,-40.0,-50.0,-40.0,-40.0,-45.0,-50.0,-45.0,-50.0,-50.0,-50.0,-50.0,-50.0,-50.0,-45.0,-40.0,-35.0,-40.0,-40.0,-40.0,-45.0,-35.0,-50.0,-40.0,-50.0,-50.0,-45.0,-50.0,-50.0,-45.0,-50.0,-50.0,-50.0,-50.0,-50.0,-45.0,-45.0,-45.0,-50.0,-50.0,-50.0,-50.0,-50.0,-45.0,-45.0,-45.0,-35.0,-45.0,-50.0,-50.0,-50.0,-45.0,-45.0,-50.0,-45.0,-45.0,-50.0,-45.0,-50.0,-50.0,-50.0,-45.0,-50.0,-50.0,-45.0,-40.0,-50.0,-50.0,-45.0,-45.0,-40.0,-45.0,-40.0,-50.0,-50.0,-45.0,-40.0,-35.0,-50.0,-45.0,-50.0,-50.0,-45.0,-45.0,-45.0,-50.0,-45.0,-40.0,-50.0,-50.0,-50.0,-50.0,-45.0,-50.0,-50.0,-40.0,-40.0,-40.0,-45.0,-40.0,-35.0,-50.0,-40.0,-35.0,-40.0,-50.0,-50.0,-40.0,-45.0,-45.0,-45.0,-45.0,-40.0,-50.0,-50.0,-40.0,-40.0,-45.0,-50.0,-45.0,-45.0,-40.0,-40.0,-45.0,-45.0,-45.0,-45.0,-45.0,-50.0,-40.0,-45.0,-50.0,-45.0,-50.0,-50.0,-45.0,-50.0,-45.0,-50.0,-30.0,-50.0,-35.0,-45.0,-45.0,-45.0,-45.0,-50.0,-30.0,-50.0,-35.0,-45.0,-45.0,-40.0,-45.0,-40.0,-50.0,-40.0,-35.0,-45.0,-45.0,-40.0,-40.0,-40.0,-45.0,-40.0,-45.0,-45.0,-45.0,-45.0,-45.0,-45.0,-35.0,-45.0,-40.0,-50.0,-40.0,-45.0,-45.0,-40.0,-50.0,-40.0,-45.0,-40.0,-35.0,-35.0,-45.0,-45.0,-50.0,-35.0,-50.0,-45.0,-35.0,-50.0,-45.0,-45.0,-40.0,-45.0,-30.0,-45.0,-45.0,-40.0,-40.0,-50.0,-45.0,-45.0,-45.0,-50.0,-40.0,-45.0,-40.0,-40.0,-50.0,-50.0,-45.0,-40.0,-45.0,-40.0,-45.0,-30.0,-35.0,-40.0,-45.0,-35.0,-45.0,-45.0,-45.0,-45.0,-45.0,-40.0,-45.0,-50.0,-45.0,-40.0,-35.0,-50.0,-50.0,-35.0,-45.0,-40.0,-45.0,-40.0,-45.0,-45.0,-40.0,-35.0,-50.0,-35.0,-40.0,-30.0,-35.0,-40.0,-50.0,-40.0,-45.0,-35.0,-50.0,-50.0,-50.0,-45.0,-35.0,-40.0,-40.0,-40.0,-35.0,-45.0,-45.0,-45.0,-40.0,-40.0,-40.0,-45.0,-45.0,-50.0,-40.0,-40.0,-45.0,-40.0,-50.0,-30.0,-40.0,-40.0,-45.0,-40.0,-45.0,-50.0,-50.0,-40.0,-35.0,-45.0,-45.0,-40.0,-35.0,-40.0,-40.0,-40.0,-40.0,-40.0,-40.0,-50.0,-45.0,-50.0,-45.0,-40.0,-35.0,-45.0,-40.0,-50.0,-50.0,-35.0,-35.0,-45.0,-40.0,-40.0,-50.0,-40.0,-50.0,-50.0,-50.0,-40.0,-50.0,-40.0,-45.0,-40.0,-40.0,-30.0,-45.0,-35.0,-45.0,-50.0,-30.0,-35.0,-45.0,-50.0,-40.0,-35.0,-35.0,-50.0,-40.0,-45.0,-40.0,-45.0,-50.0,-45.0,-50.0,-40.0,-40.0,-50.0,-40.0,-50.0,-45.0,-35.0,-50.0,-45.0,-50.0,-45.0,-45.0,-50.0,-45.0,-35.0,-50.0,-50.0,-50.0,-45.0,-45.0,-50.0,-50.0,-45.0,-45.0,-50.0,-40.0,-45.0,-45.0,-50.0,-45.0,-45.0,-50.0,-45.0,-40.0,-45.0,-40.0,-50.0,-40.0,-40.0,-45.0,-45.0,-50.0,-50.0,-50.0,-45.0,-40.0,-45.0,-45.0,-45.0,-50.0,-40.0,-40.0,-50.0,-50.0,-50.0,-45.0,-45.0,-40.0,-50.0,-40.0,-40.0,-45.0,-40.0,-45.0,-40.0,-50.0,-50.0,-50.0,-40.0,-50.0,-45.0,-45.0,-50.0,-45.0,-35.0,-50.0,-50.0,-45.0,-50.0,-40.0,-50.0,-45.0,-45.0,-50.0,-40.0,-45.0,-45.0,-40.0,-45.0,-50.0,-50.0,-50.0,-45.0,-40.0,-40.0,-40.0,-50.0,-45.0,-45.0,-45.0,-45.0,-50.0,-40.0,-35.0,-40.0,-50.0,-40.0,-50.0,-45.0,-45.0,-40.0,-45.0,-45.0,-30.0,-40.0,-50.0,-50.0,-45.0,-35.0,-40.0,-45.0,-35.0,-45.0,-45.0,-45.0,-45.0,-45.0,-45.0,-45.0,-40.0,-35.0,-50.0,-45.0,-45.0,-45.0,-50.0,-45.0,-45.0,-45.0,-45.0,-45.0,-45.0,-50.0,-40.0,-40.0,-45.0,-45.0,-50.0,-35.0,-50.0,-45.0,-50.0,-40.0,-40.0,-50.0,-45.0,-50.0,-45.0,-50.0,-45.0,-45.0,-50.0,-45.0,-45.0,-50.0,-45.0,-50.0,-50.0,-45.0,-40.0,-50.0,-50.0,-45.0,-35.0,-50.0,-40.0,-35.0,-45.0,-45.0,-50.0,-40.0,-45.0,-50.0,-30.0,-50.0,-45.0,-50.0,-50.0,-45.0,-50.0,-35.0,-35.0,-35.0,-50.0,-50.0,-40.0,-50.0,-45.0,-45.0,-50.0,-35.0,-45.0,-45.0,-40.0,-50.0,-50.0,-45.0,-50.0,-50.0,-45.0,-45.0,-45.0,-45.0,-45.0,-30.0,-50.0,-40.0,-35.0,-45.0,-45.0,-50.0,-45.0,-50.0,-35.0,-40.0,-40.0,-45.0,-50.0,-45.0,-45.0,-45.0,-45.0,-45.0,-45.0,-30.0,-40.0,-50.0,-45.0,-50.0,-50.0,-40.0,-45.0,-50.0,-50.0,-40.0,-45.0,-50.0,-50.0,-45.0,-50.0,-50.0,-50.0,-40.0,-45.0,-45.0,-45.0,-45.0,-35.0,-50.0,-45.0,-40.0,-45.0,-45.0,-45.0,-45.0,-40.0,-50.0,-50.0,-45.0,-50.0,-40.0,-45.0,-50.0,-45.0,-50.0,-40.0,-40.0,-50.0,-45.0,-50.0,-50.0,-40.0,-50.0,-50.0,-40.0,-50.0,-45.0,-50.0,-40.0,-45.0,-50.0,-50.0,-45.0,-45.0,-50.0,-45.0,-50.0,-45.0,-40.0,-50.0,-40.0,-50.0,-50.0,-45.0,-45.0,-45.0,-45.0,-40.0,-30.0,-45.0,-50.0,-50.0,-50.0,-50.0,-45.0,-40.0,-45.0,-35.0,-40.0,-50.0,-50.0,-45.0,-40.0,-40.0,-45.0,-50.0,-45.0,-45.0,-40.0,-45.0,-50.0,-45.0,-45.0,-50.0,-50.0,-40.0,-35.0,-50.0,-50.0,-40.0,-50.0,-50.0,-50.0,-40.0,-45.0,-40.0,-45.0,-50.0,-45.0,-45.0,-50.0,-45.0,-50.0,-40.0,-50.0,-45.0,-50.0,-50.0,-45.0,-45.0,-50.0,-50.0,-45.0,-50.0,-50.0,-45.0,-45.0,-40.0,-50.0,-35.0,-45.0,-50.0,-50.0,-40.0,-50.0,-45.0,-50.0,-50.0,-50.0,-50.0,-45.0,-35.0,-40.0,-45.0,-45.0,-45.0,-40.0,-45.0,-40.0,-50.0,-50.0,-45.0,-40.0,-40.0,-40.0,-45.0,-45.0,-45.0,-50.0,-40.0,-50.0,-45.0,-40.0,-50.0,-50.0,-40.0,-45.0,-45.0,-45.0,-45.0,-50.0,-50.0,-40.0,-45.0,-45.0,-40.0,-50.0,-50.0,-45.0,-35.0,-50.0,-50.0,-45.0,-50.0,-45.0,-45.0,-45.0,-50.0,-50.0,-45.0,-50.0,-50.0,-45.0,-45.0,-40.0,-45.0,-40.0,-50.0,-45.0,-45.0,-45.0,-50.0,-50.0,-45.0,-50.0,-50.0,-45.0,-50.0,-50.0,-45.0,-50.0,-45.0,-50.0,-35.0,-45.0,-45.0,-40.0,-35.0,-50.0,-45.0,-40.0,-50.0,-45.0,-45.0,-45.0,-45.0,-45.0,-35.0,-45.0,-50.0,-45.0,-45.0,-50.0,-45.0,-45.0,-35.0,-45.0,-50.0,-50.0,-50.0,-45.0,-50.0,-50.0,-35.0,-50.0,-50.0,-30.0,-50.0,-40.0,-50.0,-50.0,-45.0,-50.0,-50.0,-45.0,-50.0,-30.0,-50.0,-40.0,-45.0,-50.0,-45.0,-35.0,-20.0,-40.0,-35.0,-35.0,-40.0,-45.0,-40.0,-50.0,-45.0,-45.0,-45.0,-40.0,-40.0,-50.0,-45.0,-45.0,-45.0,-50.0,-45.0,-50.0,-50.0,-50.0,-45.0,-40.0,-50.0,-50.0,-50.0,-50.0,-50.0,-40.0,-45.0,-45.0,-40.0,-50.0,-45.0,-45.0,-30.0,-45.0,-50.0,-45.0,-45.0,-50.0,-40.0,-40.0,-50.0,-40.0,-50.0,-35.0,-50.0,-50.0,-50.0,-50.0,-40.0,-40.0,-45.0,-40.0,-50.0,-40.0,-50.0,-40.0,-45.0,-40.0,-50.0,-40.0,-45.0,-45.0,-50.0,-50.0,-45.0,-50.0,-50.0,-40.0,-35.0,-45.0,-50.0,-50.0,-45.0,-45.0,-45.0,-45.0,-50.0,-50.0,-45.0,-40.0,-50.0,-50.0,-40.0,-45.0,-45.0,-45.0,-40.0,-35.0,-50.0,-50.0,-50.0,-50.0,-50.0,-50.0,-50.0,-45.0,-50.0,-45.0,-45.0,-35.0,-50.0,-45.0,-45.0,-50.0,-50.0,-45.0,-45.0,-50.0,-45.0,-45.0,-50.0,-40.0,-50.0,-50.0,-45.0,-35.0,-50.0,-45.0,-45.0,-45.0,-50.0,-45.0,-45.0,-40.0,-35.0,-35.0,-45.0,-50.0,-50.0,-50.0,-45.0,-40.0,-45.0,-50.0,-50.0,-40.0,-25.0,-40.0,-45.0,-45.0,-45.0,-50.0,-50.0,-45.0,-50.0,-50.0,-45.0,-45.0,-50.0,-40.0,-45.0,-45.0,-50.0,-45.0,-50.0,-45.0,-45.0,-50.0,-40.0,-40.0,-50.0,-50.0,-45.0,-40.0,-50.0,-35.0,-45.0,-50.0,-50.0,-35.0,-45.0,-50.0,-35.0,-50.0,-50.0,-50.0,-40.0,-50.0,-45.0,-40.0,-45.0,-45.0,-40.0,-40.0,-50.0,-45.0,-50.0,-50.0,-45.0,-50.0,-40.0,-50.0,-45.0,-45.0,-50.0,-45.0,-50.0,-45.0,-40.0,-50.0,-40.0,-45.0,-50.0,-45.0,-45.0,-40.0,-35.0,-50.0,-50.0,-50.0,-50.0,-50.0,-40.0,-50.0,-50.0,-50.0,-45.0,-40.0,-40.0,-40.0,-45.0,-45.0,-50.0,-45.0,-45.0,-40.0,-50.0,-45.0,-45.0,-50.0,-45.0,-50.0,-50.0,-45.0,-45.0,-50.0,-50.0,-35.0,-50.0,-50.0,-40.0,-50.0,-50.0,-50.0,-50.0,-50.0,-50.0,-50.0,-45.0,-50.0,-50.0,-45.0,-45.0,-50.0,-50.0,-45.0,-50.0,-50.0,-45.0,-45.0,-50.0,-50.0,-45.0,-50.0,-50.0,-50.0,-50.0,-50.0,-50.0,-40.0,-50.0,-40.0,-50.0,-45.0,-45.0,-50.0,-50.0,-40.0,-45.0,-45.0,-45.0,-45.0,-50.0,-50.0,-50.0,-45.0,-50.0,-45.0,-45.0,-50.0,-50.0,-50.0,-50.0,-45.0,-45.0,-50.0,-50.0,-45.0,-45.0,-50.0,-50.0,-50.0,-45.0,-50.0,-45.0,-40.0,-45.0,-50.0,-45.0,-45.0,-50.0,-50.0,-50.0,-40.0,-50.0,-50.0,-35.0,-40.0,-50.0,-50.0,-50.0,-45.0,-50.0,-45.0,-45.0,-40.0,-40.0,-40.0,-50.0,-50.0,-45.0,-45.0,-45.0,-45.0,-50.0,-40.0,-50.0,-50.0,-45.0,-50.0,-45.0,-45.0,-45.0,-40.0,-50.0,-45.0,-50.0,-45.0,-45.0,-50.0,-25.0,-45.0,-50.0,-30.0,-35.0,-50.0,-45.0,-50.0,-45.0,-45.0,-45.0,-50.0,-40.0,-45.0,-50.0,-45.0,-45.0,-50.0,-40.0,-40.0,-45.0,-50.0,-45.0,-50.0,-50.0,-40.0,-35.0,-50.0,-50.0,-50.0,-50.0,-40.0,-50.0,-45.0,-50.0,-50.0,-45.0,-50.0,-50.0,-50.0,-50.0,-50.0,-45.0,-45.0,-50.0,-50.0,-50.0,-50.0,-45.0,-50.0,-50.0,-50.0,-40.0,-50.0,-50.0,-45.0,-40.0,-50.0,-45.0,-50.0,-50.0,-50.0,-45.0,-45.0,-45.0,-40.0,-45.0,-50.0,-45.0,-50.0,-50.0,-45.0,-45.0,-40.0,-40.0,-45.0,-45.0,-40.0,-45.0,-45.0,-45.0,-50.0,-50.0,-40.0,-45.0,-45.0,-40.0,-50.0,-45.0,-40.0,-40.0,-45.0,-50.0,-45.0,-45.0,-50.0,-50.0,-50.0,-45.0,-50.0,-40.0,-50.0,-50.0,-50.0,-40.0,-50.0,-50.0,-50.0,-50.0,-50.0,-40.0,-50.0,-45.0,-45.0,-50.0,-50.0,-45.0,-45.0,-50.0,-45.0,-50.0,-45.0,-50.0,-45.0,-50.0,-40.0,-45.0,-50.0,-40.0,-50.0,-50.0,-50.0,-50.0,-50.0,-35.0,-50.0,-45.0,-50.0,-45.0,-50.0,-40.0,-50.0,-50.0,-45.0,-50.0,-50.0,-45.0,-50.0,-45.0,-50.0,-50.0,-50.0,-45.0,-50.0,-50.0,-50.0,-50.0,-50.0,-45.0,-45.0,-45.0,-50.0,-45.0,-45.0,-50.0,-50.0,-50.0,-50.0,-50.0,-45.0,-35.0,-50.0,-50.0,-50.0,-45.0,-50.0,-50.0,-50.0,-50.0,-50.0,-45.0,-50.0,-50.0,-40.0,-40.0,-45.0,-50.0,-50.0,-40.0,-50.0,-35.0,-50.0,-50.0,-40.0,-50.0,-50.0,-45.0,-50.0,-35.0,-50.0,-45.0,-40.0,-50.0,-35.0,-45.0,-50.0,-45.0,-50.0,-50.0,-45.0,-45.0,-45.0,-45.0,-45.0,-40.0,-50.0,-45.0,-50.0,-50.0,-50.0,-50.0,-45.0,-45.0,-45.0,-50.0,-45.0,-40.0,-50.0,-50.0,-45.0,-50.0,-45.0,-50.0,-50.0,-50.0,-50.0,-50.0,-40.0,-50.0,-40.0,-50.0,-45.0,-50.0,-50.0,-45.0,-50.0,-50.0,-50.0,-50.0,-45.0,-45.0,-40.0,-45.0,-45.0,-45.0,-40.0,-45.0,-50.0,-50.0,-50.0,-50.0,-50.0,-50.0,-50.0,-50.0,-50.0,-50.0,-50.0,-45.0,-50.0,-50.0,-45.0,-40.0,-50.0,-45.0,-50.0,-50.0,-45.0,-50.0,-50.0,-50.0,-50.0,-50.0,-50.0,-50.0,-50.0,-50.0,-50.0,-50.0,-50.0,-50.0,-45.0,-50.0,-45.0,-45.0,-40.0,-50.0,-50.0,-40.0,-50.0,-45.0,-50.0,-50.0,-50.0,-40.0,-45.0,-45.0,-50.0,-45.0,-50.0,-50.0,-50.0,-50.0,-40.0,-35.0,-40.0,-45.0,-50.0,-50.0,-45.0,-50.0,-50.0,-45.0,-45.0,-50.0,-45.0,-45.0,-50.0,-45.0,-45.0,-25.0,-40.0,-45.0,-40.0,-45.0,-40.0,-45.0,-50.0,-50.0,-45.0,-45.0,-45.0,-50.0,-50.0,-50.0,-50.0,-50.0,-40.0,-30.0,-50.0,-50.0,-50.0,-45.0,-50.0,-45.0,-40.0,-50.0,-45.0,-50.0,-50.0,-50.0,-45.0,-50.0,-50.0,-50.0,-40.0,-50.0,-50.0,-50.0,-50.0,-50.0,-45.0,-45.0,-50.0,-50.0,-50.0,-50.0,-50.0,-50.0,-40.0,-50.0,-45.0,-50.0,-45.0,-50.0,-45.0,-50.0,-50.0,-50.0,-50.0,-50.0,-50.0,-50.0,-50.0,-45.0,-50.0,-50.0,-50.0,-45.0,-40.0,-50.0,-45.0,-50.0,-50.0,-50.0,-45.0,-45.0,-40.0,-25.0,-50.0,-50.0,-50.0,-50.0,-45.0,-45.0,-50.0,-45.0,-45.0,-50.0,-50.0,-40.0,-45.0,-45.0,-45.0,-40.0,-40.0,-45.0,-40.0,-40.0,-50.0,-50.0,-45.0,-50.0,-45.0,-35.0,-50.0,-45.0,-45.0,-50.0,-50.0,-50.0,-40.0,-45.0,-50.0,-45.0,-45.0,-50.0,-50.0,-50.0,-50.0,-50.0,-50.0,-45.0,-45.0,-50.0,-50.0,-45.0,-40.0,-50.0,-50.0,-50.0,-50.0,-45.0,-45.0,-50.0,-50.0,-45.0,-50.0,-40.0,-50.0,-50.0,-50.0,-50.0,-45.0,-45.0,-50.0,-45.0,-50.0,-50.0,-40.0,-40.0,-45.0,-50.0,-45.0,-50.0,-45.0,-50.0,-50.0,-45.0,-50.0,-50.0,-50.0,-45.0,-50.0,-50.0,-45.0,-50.0,-45.0,-50.0,-45.0,-50.0,-50.0,-45.0,-50.0,-45.0,-50.0,-50.0,-50.0,-50.0,-50.0,-50.0,-45.0,-40.0,-35.0,-45.0,-50.0,-45.0,-50.0,-50.0,-50.0,-40.0,-50.0,-50.0,-50.0,-50.0,-45.0,-45.0,-45.0,-50.0,-45.0,-50.0,-45.0,-35.0,-45.0,-45.0,-45.0,-50.0,-50.0,-40.0,-45.0,-45.0,-50.0,-50.0,-40.0,-50.0,-50.0,-40.0,-40.0,-50.0,-50.0,-40.0,-45.0,-50.0,-40.0,-40.0,-50.0,-50.0,-35.0,-45.0,-50.0,-45.0,-45.0,-50.0,-50.0,-50.0,-45.0,-45.0,-50.0,-40.0,-35.0,-45.0,-45.0,-50.0,-45.0,-50.0,-40.0,-40.0,-45.0,-40.0,-50.0,-45.0,-50.0,-50.0,-50.0,-50.0,-50.0,-50.0,-40.0,-50.0,-40.0,-50.0,-50.0,-45.0,-50.0,-50.0,-45.0,-40.0,-50.0,-50.0,-45.0,-50.0,-50.0,-50.0,-40.0,-50.0,-50.0,-50.0,-50.0,-40.0,-45.0,-50.0,-50.0,-50.0,-45.0,-50.0,-50.0,-45.0,-45.0,-50.0,-50.0,-45.0,-50.0,-50.0,-50.0,-50.0,-50.0,-45.0,-50.0,-50.0,-45.0,-50.0,-50.0,-50.0,-50.0,-40.0,-50.0,-45.0,-50.0,-45.0,-50.0,-50.0,-50.0,-45.0,-40.0,-40.0,-35.0,-50.0,-45.0,-45.0,-50.0,-50.0,-45.0,-50.0,-40.0,-50.0,-35.0,-45.0,-45.0,-45.0,-45.0,-40.0,-45.0,-50.0,-45.0,-50.0,-50.0,-40.0,-50.0,-50.0,-45.0,-50.0,-45.0,-50.0,-50.0,-45.0,-45.0,-50.0,-50.0,-45.0,-45.0,-50.0,-40.0,-40.0,-50.0,-50.0,-40.0,-50.0,-45.0,-50.0,-50.0,-50.0,-45.0,-50.0,-50.0,-50.0,-50.0,-50.0,-50.0,-50.0,-50.0,-50.0,-45.0,-35.0,-50.0,-45.0,-40.0,-30.0,-50.0,-50.0,-40.0,-45.0,-50.0,-50.0,-45.0,-45.0,-50.0,-40.0,-45.0,-45.0,-40.0,-45.0,-50.0,-40.0,-50.0,-45.0,-40.0,-50.0,-45.0,-50.0,-50.0,-45.0,-45.0,-50.0,-40.0,-50.0,-50.0,-45.0,-50.0,-50.0,-45.0,-50.0,-45.0,-45.0,-35.0,-40.0,-50.0,-50.0,-40.0,-50.0,-45.0,-45.0,-50.0,-40.0,-35.0,-35.0,-50.0,-40.0,-50.0,-50.0,-50.0,-40.0,-40.0,-50.0,-40.0,-45.0,-35.0,-35.0,-45.0,-45.0,-50.0,-45.0,-50.0,-50.0,-40.0,-35.0,-40.0,-45.0,-50.0,-45.0,-50.0,-45.0,-40.0,-45.0,-45.0,-50.0,-50.0,-50.0,-50.0,-50.0,-35.0,-35.0,-50.0,-40.0,-45.0,-40.0,-50.0,-45.0,-40.0,-45.0,-45.0,-50.0,-35.0,-50.0,-50.0,-35.0,-50.0,-50.0,-35.0,-45.0,-50.0,-40.0,-50.0,-45.0,-45.0,-35.0,-45.0,-35.0,-50.0,-25.0,-35.0,-40.0,-50.0,-40.0,-50.0,-50.0,-50.0,-50.0,-50.0,-50.0,-40.0,-45.0,-45.0,-40.0,-50.0,-40.0,-45.0,-35.0,-50.0,-40.0,-45.0,-35.0,-45.0,-45.0,-50.0,-45.0,-50.0,-20.0,-45.0,-45.0,-40.0,-40.0,-30.0,-45.0,-40.0,-40.0,-45.0,-45.0,-50.0,-50.0,-50.0,-50.0,-35.0,-50.0,-30.0,-45.0,-40.0,-45.0,-50.0,-45.0,-30.0,-40.0,-40.0,-35.0,-45.0,-50.0,-40.0,-50.0,-40.0,-45.0,-35.0,-40.0,-50.0,-45.0,-45.0,-40.0,-35.0,-50.0,-40.0,-45.0,-50.0,-40.0,-50.0,-50.0,-50.0,-45.0,-50.0,-45.0,-45.0,-50.0,-45.0,-40.0,-50.0,-50.0,-35.0,-40.0,-45.0,-45.0,-35.0,-45.0,-40.0,-40.0,-50.0,-50.0,-45.0,-50.0,-45.0,-50.0,-50.0,-50.0,-40.0,-45.0,-40.0,-45.0,-50.0,-45.0,-45.0,-45.0,-50.0,-50.0,-50.0,-35.0,-45.0,-50.0,-45.0,-45.0,-50.0,-45.0,-50.0,-45.0,-45.0,-40.0,-50.0,-40.0,-35.0,-50.0,-45.0,-50.0,-50.0,-40.0,-50.0,-50.0,-50.0,-45.0,-50.0,-45.0,-40.0,-45.0,-50.0,-50.0,-50.0,-45.0,-45.0,-40.0,-50.0,-45.0,-45.0,-50.0,-40.0,-45.0,-30.0,-45.0,-50.0,-50.0,-45.0,-50.0,-45.0,-50.0,-45.0,-45.0,-35.0,-35.0,-45.0,-35.0,-50.0,-50.0,-45.0,-50.0,-45.0,-45.0,-40.0,-50.0,-50.0,-45.0,-50.0,-45.0,-35.0,-50.0,-45.0,-50.0,-40.0,-45.0,-40.0,-40.0,-40.0,-40.0,-35.0,-45.0,-45.0,-30.0,-45.0,-35.0,-45.0,-50.0,-45.0,-35.0,-50.0,-40.0,-45.0,-50.0,-45.0,-50.0,-50.0,-40.0,-45.0,-50.0,-50.0,-50.0,-50.0,-40.0,-40.0,-40.0,-40.0,-25.0,-50.0,-50.0,-45.0,-45.0,-50.0,-45.0,-50.0,-45.0,-40.0,-50.0,-45.0,-50.0,-50.0,-45.0,-40.0,-50.0,-50.0,-35.0,-35.0,-50.0,-50.0,-40.0,-45.0,-50.0,-45.0,-35.0,-40.0,-50.0,-45.0,-50.0,-50.0,-50.0,-50.0,-45.0,-45.0,-50.0,-40.0,-40.0,-35.0,-35.0,-40.0,-45.0,-45.0,-40.0,-50.0,-45.0,-45.0,-35.0,-45.0,-40.0,-40.0,-40.0,-45.0,-40.0,-40.0,-45.0,-45.0,-45.0,-40.0,-50.0,-20.0,-30.0,-40.0,-35.0,-45.0,-40.0,-35.0,-40.0,-45.0,-50.0,-45.0,-45.0,-50.0,-45.0,-40.0,-25.0,-45.0,-40.0,-45.0,-45.0,-45.0,-50.0,-40.0,-40.0,-50.0,-25.0,-50.0,-35.0,-35.0,-45.0,-35.0,-45.0,-35.0,-20.0,-40.0,-25.0,-50.0,-40.0,-40.0,-50.0,-40.0,-50.0,-50.0,-35.0,-50.0,-40.0,-50.0,-45.0,-50.0,-40.0,-50.0,-30.0,-45.0,-45.0,-35.0,-30.0,-50.0,-50.0,-50.0,-45.0,-50.0,-50.0,-45.0,-45.0,-45.0,-40.0,-50.0,-45.0,-40.0,-50.0,-45.0,-50.0,-20.0,-50.0,-50.0,-40.0,-40.0,-50.0,-45.0,-45.0,-40.0,-50.0,-45.0,-40.0,-45.0,-40.0,-50.0,-50.0,-40.0,-45.0,-40.0,-40.0,-35.0,-50.0,-35.0,-50.0,-45.0,-35.0,-50.0,-35.0,-45.0,-35.0,-40.0,-45.0,-40.0,-25.0,-40.0,-40.0,-45.0,-40.0,-35.0,-40.0,-50.0,-45.0,-45.0,-45.0,-45.0,-35.0,-50.0,-45.0,-40.0,-45.0,-50.0,-45.0,-45.0,-50.0,-40.0,-50.0,-45.0,-45.0,-40.0,-40.0,-45.0,-50.0,-40.0,-50.0,-40.0,-50.0,-40.0,-45.0,-50.0,-45.0,-30.0,-50.0,-50.0,-45.0,-50.0,-35.0,-40.0,-45.0,-50.0,-50.0,-45.0,-40.0,-45.0,-50.0,-35.0,-50.0,-50.0,-35.0,-40.0,-45.0,-40.0,-50.0,-45.0,-50.0,-40.0,-35.0,-45.0,-50.0,-45.0,-40.0,-45.0,-30.0,-40.0,-50.0,-50.0,-45.0,-45.0,-45.0,-45.0,-50.0,-45.0,-45.0,-40.0,-45.0,-45.0,-45.0,-45.0,-45.0,-50.0,-40.0,-45.0,-35.0,-25.0,-40.0,-45.0,-50.0,-40.0,-50.0,-45.0,-50.0,-35.0,-45.0,-40.0,-45.0,-50.0,-45.0,-45.0,-45.0,-25.0,-45.0,-35.0,-50.0,-35.0,-45.0,-40.0,-40.0,-45.0,-50.0,-50.0,-45.0,-35.0,-50.0,-45.0,-40.0,-45.0,-50.0,-50.0,-50.0,-50.0,-45.0,-40.0,-40.0,-35.0,-40.0,-35.0,-40.0,-50.0,-40.0,-50.0,-50.0,-40.0,-45.0,-50.0,-45.0,-50.0,-45.0,-40.0,-35.0,-45.0,-30.0,-35.0,-35.0,-45.0,-35.0,-40.0,-45.0,-40.0,-35.0,-40.0,-40.0,-40.0,-35.0,-40.0,-40.0,-40.0,-45.0,-45.0,-45.0,-50.0,-35.0,-50.0,-50.0,-45.0,-45.0,-40.0,-35.0,-45.0,-40.0,-40.0,-40.0,-45.0,-40.0,-45.0,-45.0,-45.0,-45.0,-30.0,-50.0,-45.0,-40.0,-35.0,-40.0,-45.0,-45.0,-30.0,-40.0,-45.0,-50.0,-35.0,-35.0,-50.0,-50.0,-45.0,-50.0,-50.0,-30.0,-45.0,-50.0,-25.0,-50.0,-45.0,-50.0,-35.0,-40.0,-45.0,-50.0,-45.0,-25.0,-45.0,-45.0,-35.0,-35.0,-35.0,-35.0,-50.0,-40.0,-35.0,-45.0,-40.0,-40.0,-45.0,-45.0,-45.0,-40.0,-40.0,-40.0,-45.0,-45.0,-40.0,-45.0,-45.0,-30.0,-40.0,-25.0,-35.0,-45.0,-30.0,-35.0,-45.0,-40.0,-25.0,-45.0,-20.0,-45.0,-25.0,-40.0,-45.0,-45.0,-35.0,-40.0,-50.0,-45.0,-40.0,-30.0,-35.0,-50.0,-40.0,-45.0,-40.0,-45.0,-45.0,-45.0,-45.0,-45.0,-40.0,-45.0,-50.0,-30.0,-45.0,-45.0,-45.0,-45.0,-40.0,-40.0,-50.0,-45.0,-45.0,-50.0,-45.0,-30.0,-40.0,-40.0,-45.0,-50.0,-45.0,-40.0,-50.0,-45.0,-50.0,-45.0,-40.0,-50.0,-40.0,-45.0,-45.0,-50.0,-35.0,-45.0,-50.0,-35.0,-25.0,-35.0,-45.0,-50.0,-35.0,-50.0,-45.0,-45.0,-45.0,-45.0,-35.0,-50.0,-45.0,-40.0,-50.0,-50.0,-45.0,-50.0,-50.0,-50.0,-45.0,-45.0,-45.0,-35.0,-35.0,-45.0,-45.0,-45.0,-45.0,-40.0,-40.0,-40.0,-30.0,-45.0,-45.0,-50.0,-40.0,-50.0,-50.0,-45.0,-35.0,-35.0,-35.0,-45.0,-35.0,-50.0,-40.0,-40.0,-40.0,-30.0,-30.0,-40.0,-45.0,-30.0,-45.0,-30.0,-40.0,-50.0,-35.0,-50.0,-45.0,-45.0,-40.0,-30.0,-35.0,-20.0,-45.0,-30.0,-45.0,-40.0,-45.0,-35.0,-45.0,-25.0,-40.0,-35.0,-40.0,-45.0,-45.0,-40.0,-45.0,-40.0,-45.0,-45.0,-30.0,-45.0,-45.0,-35.0,-40.0,-35.0,-45.0,-45.0,-40.0,-35.0,-40.0,-45.0,-45.0,-45.0,-40.0,-25.0,-35.0,-40.0,-45.0,-40.0,-45.0,-35.0,-30.0,-40.0,-40.0,-30.0,-25.0,-40.0,-35.0,-45.0,-45.0,-50.0,-45.0,-45.0,-35.0,-40.0,-35.0,-35.0,-45.0,-45.0,-40.0,-40.0,-35.0,-25.0,-30.0,-40.0,-40.0,-45.0,-45.0,-30.0,-30.0,-40.0,-50.0,-15.0,-45.0,-45.0,-35.0,-40.0,-50.0,-45.0,-50.0,-40.0,-40.0,-40.0,-40.0,-45.0,-45.0,-40.0,-45.0,-35.0,-50.0,-40.0,-45.0,-45.0,-40.0,-45.0,-50.0,-45.0,-35.0,-40.0,-50.0,-50.0,-50.0,-50.0,-45.0,-50.0,-50.0,-50.0,-40.0,-40.0,-45.0,-50.0,-45.0,-45.0,-50.0,-50.0,-50.0,-35.0,-45.0,-50.0,-50.0,-45.0,-50.0,-45.0,-35.0,-35.0,-45.0,-50.0,-50.0,-45.0,-40.0,-30.0,-45.0,-40.0,-20.0,-50.0,-40.0,-50.0,-50.0,-45.0,-40.0,-45.0,-50.0,-45.0,-45.0,-50.0,-45.0,-35.0,-50.0,-50.0,-50.0,-40.0,-50.0,-50.0,-50.0,-50.0,-40.0,-30.0,-40.0,-45.0,-50.0,-40.0,-35.0,-45.0,-45.0,-45.0,-30.0,-50.0,-45.0,-40.0,-45.0,-35.0,-45.0,-40.0,-45.0,-45.0,-50.0,-40.0,-45.0,-40.0,-35.0,-40.0,-45.0,-45.0,-50.0,-35.0,-50.0,-45.0,-45.0,-45.0,-15.0,-35.0,-45.0,-35.0,-50.0,-35.0,-35.0,-50.0,-40.0,-45.0,-45.0,-45.0,-45.0,-45.0,-40.0,-35.0,-40.0,-40.0,-45.0,-45.0,-40.0,-40.0,-50.0,-35.0,-50.0,-40.0,-40.0,-45.0,-45.0,-45.0,-35.0,-40.0,-45.0,-45.0,-35.0,-50.0,-50.0,-50.0,-45.0,-40.0,-45.0,-45.0,-45.0,-45.0,-40.0,-50.0,-45.0,-35.0,-30.0,-45.0,-40.0,-40.0,-35.0,-50.0,-50.0,-45.0,-35.0,-50.0,-45.0,-45.0,-40.0,-50.0,-40.0,-35.0,-40.0,-40.0,-50.0,-45.0,-35.0,-40.0,-45.0,-50.0,-45.0,-45.0,-45.0,-50.0,-50.0,-45.0,-45.0,-50.0,-40.0,-50.0,-50.0,-50.0,-40.0,-35.0,-40.0,-35.0,-45.0,-40.0,-45.0,-45.0,-50.0,-45.0,-50.0,-50.0,-40.0,-40.0,-40.0,-35.0,-50.0,-45.0,-50.0,-35.0,-45.0,-50.0,-50.0,-45.0,-45.0,-30.0,-50.0,-50.0,-50.0,-50.0,-45.0,-45.0,-45.0,-45.0,-40.0,-50.0,-40.0,-40.0,-35.0,-45.0,-45.0,-50.0,-50.0,-45.0,-50.0,-40.0,-45.0,-35.0,-45.0,-45.0,-40.0,-40.0,-50.0,-50.0,-50.0,-45.0,-50.0,-45.0,-50.0,-35.0,-50.0,-35.0,-40.0,-40.0,-40.0,-45.0,-45.0,-40.0,-45.0,-50.0,-50.0,-50.0,-45.0,-45.0,-50.0,-35.0,-50.0,-45.0,-50.0,-50.0,-50.0,-50.0,-35.0,-50.0,-45.0,-40.0,-40.0,-50.0,-45.0,-45.0,-35.0,-50.0,-40.0,-50.0,-35.0,-45.0,-45.0,-50.0,-45.0,-45.0,-40.0,-40.0,-45.0,-50.0,-45.0,-45.0,-50.0,-45.0,-45.0,-50.0,-45.0,-40.0,-45.0,-50.0,-50.0,-40.0,-50.0,-45.0,-45.0,-50.0,-40.0,-50.0,-45.0,-45.0,-45.0,-35.0,-40.0,-45.0,-50.0,-25.0,-50.0,-50.0,-50.0,-50.0,-45.0,-50.0,-45.0,-45.0,-50.0,-40.0,-45.0,-40.0,-50.0,-35.0,-30.0,-45.0,-40.0,-50.0,-40.0,-45.0,-40.0,-40.0,-30.0,-50.0,-50.0,-45.0,-50.0,-45.0,-40.0,-50.0,-50.0,-45.0,-50.0,-45.0,-35.0,-45.0,-50.0,-50.0,-50.0,-35.0,-35.0,-35.0,-50.0,-45.0,-50.0,-50.0,-45.0,-40.0,-40.0,-40.0,-50.0,-45.0,-45.0,-45.0,-40.0,-40.0,-50.0,-40.0,-45.0,-45.0,-50.0,-45.0,-40.0,-50.0,-45.0,-40.0,-45.0,-50.0,-45.0,-45.0,-50.0,-40.0,-40.0,-50.0,-45.0,-40.0,-35.0,-45.0,-45.0,-50.0,-35.0,-10.0,-45.0,-50.0,-50.0,-50.0,-45.0,-40.0,-40.0,-50.0,-50.0,-50.0,-50.0,-35.0,-50.0,-50.0,-40.0,-40.0,-50.0,-45.0,-45.0,-45.0,-50.0,-50.0,-45.0,-35.0,-50.0,-40.0,-50.0,-50.0,-50.0,-50.0,-45.0,-40.0,-50.0,-45.0,-45.0,-45.0,-50.0,-45.0,-45.0,-50.0,-45.0,-35.0,-40.0,-25.0,-50.0,-45.0,-50.0,-45.0,-45.0,-50.0,-50.0,-50.0,-35.0,-45.0,-50.0,-50.0,-50.0,-50.0,-50.0,-45.0,-25.0,-40.0,-45.0,-25.0,-50.0,-45.0,-40.0,-50.0,-50.0,-50.0,-45.0,-45.0,-50.0,-50.0,-45.0,-50.0,-50.0,-40.0,-50.0,-45.0,-50.0,-45.0,-50.0,-50.0,-40.0,-50.0,-50.0,-45.0,-45.0,-50.0,-45.0,-45.0,-45.0,-40.0,-30.0,-50.0,-45.0,-30.0,-35.0,-45.0,-30.0,-45.0,-50.0,-45.0,-50.0,-40.0,-45.0,-40.0,-50.0,-45.0,-45.0,-45.0,-45.0,-40.0,-45.0,-45.0,-40.0,-45.0,-50.0,-50.0,-40.0,-50.0,-40.0,-50.0,-50.0,-50.0,-40.0,-40.0,-40.0,-50.0,-50.0,-50.0,-50.0,-50.0,-45.0,-50.0,-50.0,-50.0,-50.0,-50.0,-45.0,-45.0,-45.0,-50.0,-50.0,-50.0,-50.0,-45.0,-40.0,-50.0,-45.0,-45.0,-50.0,-40.0,-45.0,-50.0,-45.0,-50.0,-45.0,-35.0,-50.0,-50.0,-50.0,-40.0,-50.0,-50.0,-50.0,-50.0,-50.0,-50.0,-50.0,-45.0,-45.0,-45.0,-50.0,-40.0,-45.0,-50.0,-45.0,-35.0,-45.0,-50.0,-50.0,-50.0,-50.0,-50.0,-45.0,-45.0,-50.0,-50.0,-50.0,-50.0,-40.0,-45.0,-45.0,-50.0,-45.0,-40.0,-50.0,-45.0,-50.0,-45.0,-45.0,-40.0,-45.0,-45.0,-45.0,-40.0,-50.0,-50.0,-50.0,-50.0,-50.0,-50.0,-40.0,-50.0,-50.0,-45.0,-50.0,-35.0,-40.0,-50.0,-50.0,-40.0,-40.0,-45.0,-40.0,-45.0,-50.0,-40.0,-35.0,-45.0,-25.0,-35.0,-40.0,-50.0,-45.0,-30.0,-50.0,-45.0,-50.0,-45.0,-45.0,-45.0,-50.0,-40.0,-45.0,-50.0,-35.0,-40.0,-50.0,-45.0,-45.0,-50.0,-40.0,-45.0,-45.0,-50.0,-50.0,-40.0,-40.0,-50.0,-50.0,-40.0,-50.0,-50.0,-50.0,-30.0,-50.0,-45.0,-45.0,-50.0,-50.0,-45.0,-40.0,-35.0,-35.0,-45.0,-50.0,-50.0,-40.0,-45.0,-35.0,-45.0,-50.0,-45.0,-45.0,-50.0,-50.0,-45.0,-50.0,-50.0,-50.0,-35.0,-35.0,-40.0,-50.0,-40.0,-40.0,-50.0,-45.0,-50.0,-45.0,-50.0,-45.0,-50.0,-45.0,-40.0,-45.0,-45.0,-50.0,-50.0,-50.0,-45.0,-40.0,-40.0,-50.0,-40.0,-40.0,-40.0,-30.0,-50.0,-50.0,-40.0,-50.0,-50.0,-50.0,-50.0,-45.0,-45.0,-45.0,-50.0,-50.0,-45.0,-50.0,-50.0,-50.0,-50.0,-50.0,-45.0,-50.0,-50.0,-50.0,-45.0,-40.0,-50.0,-45.0,-50.0,-50.0,-50.0,-50.0,-50.0,-50.0,-45.0,-50.0,-45.0,-50.0,-45.0,-40.0,-50.0,-50.0,-50.0,-50.0,-50.0,-45.0,-40.0,-50.0,-40.0,-40.0,-50.0,-50.0,-45.0,-40.0,-40.0,-45.0,-40.0,-40.0,-40.0,-40.0,-45.0,-50.0,-45.0,-40.0,-50.0,-45.0,-45.0,-35.0,-45.0,-45.0,-45.0,-50.0,-45.0,-45.0,-40.0,-50.0,-45.0,-45.0,-45.0,-40.0,-50.0,-30.0,-50.0,-45.0,-50.0,-50.0,-50.0,-50.0,-45.0,-50.0,-45.0,-45.0,-50.0,-45.0,-50.0,-50.0,-45.0,-50.0,-45.0,-50.0,-50.0,-50.0,-50.0,-50.0,-50.0,-45.0,-50.0,-45.0,-45.0,-40.0,-45.0,-45.0,-50.0,-45.0,-50.0,-50.0,-50.0,-50.0,-45.0,-50.0,-40.0,-50.0,-45.0,-45.0,-50.0,-45.0,-50.0,-50.0,-45.0,-40.0,-45.0,-40.0,-50.0,-40.0,-40.0,-45.0,-45.0,-45.0,-30.0,-40.0,-35.0,-45.0,-50.0,-50.0,-45.0,-45.0,-50.0,-45.0,-45.0,-45.0,-40.0,-50.0,-35.0,-35.0,-40.0,-35.0,-40.0,-45.0,-45.0,-45.0,-45.0,-50.0,-40.0,-50.0,-25.0,-50.0,-45.0,-45.0,-50.0,-35.0,-45.0,-50.0,-50.0,-35.0,-35.0,-50.0,-35.0,-50.0,-50.0,-50.0,-50.0,-45.0,-40.0,-50.0,-50.0,-45.0,-45.0,-35.0,-45.0,-40.0,-50.0,-50.0,-50.0,-50.0,-45.0,-40.0,-50.0,-45.0,-30.0,-50.0,-45.0,-45.0,-50.0,-45.0,-50.0,-50.0,-50.0,-45.0,-50.0,-45.0,-40.0,-45.0,-50.0,-50.0,-45.0,-40.0,-45.0,-40.0,-30.0,-50.0,-50.0,-50.0,-45.0,-50.0,-50.0,-40.0,-50.0,-50.0,-50.0,-50.0,-50.0,-40.0,-50.0,-45.0,-45.0,-45.0,-50.0,-45.0,-40.0,-45.0,-45.0,-50.0,-45.0,-50.0,-50.0,-50.0,-40.0,-45.0,-45.0,-50.0,-50.0,-50.0,-45.0,-40.0,-50.0,-45.0,-45.0,-45.0,-50.0,-50.0,-45.0,-45.0,-50.0,-35.0,-45.0,-45.0,-45.0,-35.0,-40.0,-45.0,-45.0,-50.0,-45.0,-45.0,-30.0,-50.0,-50.0,-45.0,-50.0,-45.0,-40.0,-40.0,-50.0,-50.0,-35.0,-45.0,-50.0,-50.0,-50.0,-40.0,-45.0,-50.0,-45.0,-40.0,-45.0,-40.0,-50.0,-45.0,-30.0,-30.0,-50.0,-50.0,-45.0,-30.0,-45.0,-45.0,-50.0,-50.0,-40.0,-50.0,-50.0,-35.0,-45.0,-45.0,-50.0,-45.0,-50.0,-45.0,-45.0,-50.0,-40.0,-50.0,-45.0,-50.0,-40.0,-50.0,-50.0,-40.0,-40.0,-50.0,-50.0,-50.0,-40.0,-50.0,-50.0,-45.0,-45.0,-40.0,-40.0,-50.0,-45.0,-50.0,-45.0,-50.0,-50.0,-45.0,-50.0,-50.0,-50.0,-50.0,-45.0,-40.0,-45.0,-45.0,-50.0,-50.0,-50.0,-50.0,-50.0,-40.0,-50.0,-40.0,-40.0,-50.0,-50.0,-35.0,-45.0,-50.0,-45.0,-40.0,-45.0,-45.0,-50.0,-50.0,-45.0,-40.0,-50.0,-45.0,-50.0,-45.0,-35.0,-50.0,-50.0,-50.0,-50.0,-50.0,-50.0,-50.0,-35.0,-40.0,-45.0,-40.0,-50.0,-45.0,-50.0,-45.0,-50.0,-45.0,-45.0,-40.0,-40.0,-45.0,-50.0,-40.0,-50.0,-35.0,-50.0,-35.0,-40.0,-35.0,-45.0,-40.0,-50.0,-50.0,-50.0,-35.0,-45.0,-50.0,-40.0,-35.0,-40.0,-40.0,-40.0,-50.0,-45.0,-45.0,-45.0,-45.0,-35.0,-50.0,-50.0,-50.0,-50.0,-45.0,-50.0,-40.0,-50.0,-50.0,-40.0,-45.0,-40.0,-45.0,-35.0,-40.0,-50.0,-50.0,-50.0,-50.0,-30.0,-40.0,-45.0,-30.0,-40.0,-40.0,-45.0,-40.0,-45.0,-50.0,-45.0,-45.0,-45.0,-40.0,-45.0,-45.0,-40.0,-40.0,-45.0,-35.0,-45.0,-50.0,-45.0,-50.0,-40.0,-50.0,-40.0,-35.0,-45.0,-40.0,-50.0,-45.0,-40.0,-35.0,-50.0,-45.0,-50.0,-40.0,-50.0,-50.0,-50.0,-45.0,-40.0,-50.0,-50.0,-45.0,-40.0,-50.0,-50.0,-50.0,-50.0,-45.0,-45.0,-40.0,-45.0,-50.0,-45.0,-40.0,-45.0,-50.0,-45.0,-50.0,-50.0,-45.0,-50.0,-50.0,-45.0,-40.0,-50.0,-50.0,-45.0,-50.0,-45.0,-50.0,-50.0,-50.0,-50.0,-35.0,-45.0,-50.0,-50.0,-50.0,-45.0,-50.0,-50.0,-45.0,-50.0,-45.0,-45.0,-50.0,-40.0,-45.0,-40.0,-50.0,-45.0,-50.0,-50.0,-40.0,-50.0,-50.0,-40.0,-45.0,-50.0,-50.0,-50.0,-45.0,-40.0,-50.0,-50.0,-50.0,-50.0,-50.0,-35.0,-45.0,-35.0,-45.0,-45.0,-45.0,-50.0,-45.0,-50.0,-35.0,-40.0,-45.0,-40.0,-30.0,-45.0,-50.0,-50.0,-50.0,-40.0,-40.0,-50.0,-45.0,-40.0,-35.0,-45.0,-30.0,-50.0,-50.0,-30.0,-40.0,-45.0,-45.0,-50.0,-40.0,-45.0,-45.0,-50.0,-45.0,-50.0,-50.0,-40.0,-35.0,-50.0,-50.0,-45.0,-45.0,-45.0,-40.0,-50.0,-50.0,-50.0,-50.0,-40.0,-50.0,-45.0,-30.0,-50.0,-45.0,-50.0,-45.0,-45.0,-40.0,-40.0,-50.0,-40.0,-50.0,-50.0,-45.0,-45.0,-50.0,-45.0,-50.0,-45.0,-40.0,-45.0,-35.0,-50.0,-50.0,-45.0,-35.0,-45.0,-40.0,-50.0,-35.0,-45.0,-45.0,-45.0,-50.0,-50.0,-45.0,-50.0,-45.0,-50.0,-50.0,-50.0,-35.0,-50.0,-50.0,-35.0,-45.0,-50.0,-50.0,-45.0,-50.0,-50.0,-50.0,-50.0,-45.0,-45.0,-30.0,-50.0,-40.0,-50.0,-50.0,-40.0,-50.0,-45.0,-30.0,-45.0,-45.0,-50.0,-45.0,-45.0,-45.0,-45.0,-45.0,-45.0,-35.0,-45.0,-35.0,-45.0,-35.0,-50.0,-50.0,-50.0,-40.0,-35.0,-40.0,-50.0,-35.0,-45.0,-35.0,-30.0,-35.0,-50.0,-45.0,-45.0,-45.0,-50.0,-45.0,-50.0,-45.0,-50.0,-45.0,-50.0,-45.0,-40.0,-45.0,-30.0,-50.0,-50.0,-40.0,-45.0,-45.0,-50.0,-40.0,-50.0,-50.0,-40.0,-45.0,-45.0,-45.0,-45.0,-35.0,-50.0,-35.0,-40.0,-50.0,-45.0,-40.0,-35.0,-50.0,-50.0,-50.0,-45.0,-50.0,-50.0,-50.0,-45.0,-40.0,-45.0,-50.0,-50.0,-45.0,-50.0,-50.0,-45.0,-50.0,-45.0,-50.0,-40.0,-45.0,-45.0,-45.0,-45.0,-50.0,-45.0,-35.0,-45.0,-30.0,-45.0,-50.0,-45.0,-50.0,-40.0,-45.0,-50.0,-45.0,-30.0,-50.0,-40.0,-45.0,-45.0,-50.0,-40.0,-50.0,-45.0,-50.0,-50.0,-50.0,-45.0,-45.0,-50.0,-50.0,-50.0,-40.0,-45.0,-50.0,-50.0,-45.0,-50.0,-30.0,-45.0,-50.0,-50.0,-50.0,-40.0,-40.0,-50.0,-45.0,-50.0,-45.0,-50.0,-40.0,-40.0,-45.0,-45.0,-40.0,-50.0,-40.0,-45.0,-45.0,-50.0,-50.0,-45.0,-45.0,-50.0,-45.0,-50.0,-50.0,-50.0,-35.0,-50.0,-50.0,-50.0,-50.0,-35.0,-45.0,-50.0,-45.0,-50.0,-40.0,-50.0,-40.0,-50.0,-50.0,-50.0,-40.0,-45.0,-40.0,-40.0,-45.0,-45.0,-45.0,-40.0,-45.0,-45.0,-30.0,-45.0,-50.0,-35.0,-50.0,-45.0,-45.0,-40.0,-50.0,-45.0,-45.0,-50.0,-50.0,-50.0,-25.0,-40.0,-50.0,-40.0,-45.0,-50.0,-50.0,-50.0,-40.0,-45.0,-35.0,-50.0,-40.0,-45.0,-50.0,-45.0,-50.0,-40.0,-45.0,-50.0,-40.0,-40.0,-50.0,-45.0,-45.0,-30.0,-40.0,-50.0,-50.0,-40.0,-45.0,-50.0,-40.0,-45.0,-50.0,-50.0,-45.0,-45.0,-50.0,-50.0,-45.0,-45.0,-40.0,-45.0,-40.0,-50.0,-50.0,-30.0,-40.0,-50.0,-40.0,-50.0,-45.0,-30.0,-40.0,-40.0,-45.0,-45.0,-45.0,-30.0,-45.0,-50.0,-50.0,-25.0,-40.0,-30.0,-50.0,-50.0,-40.0,-50.0,-45.0,-50.0,-35.0,-30.0,-40.0,-45.0,-40.0,-40.0,-50.0,-45.0,-40.0,-50.0,-40.0,-35.0,-45.0,-50.0,-35.0,-45.0,-50.0,-50.0,-45.0,-50.0,-40.0,-20.0,-45.0,-40.0,-40.0,-45.0,-45.0,-50.0,-30.0,-45.0,-45.0,-50.0,-45.0,-50.0,-40.0,-50.0,-35.0,-30.0,-50.0,-50.0,-50.0,-45.0,-50.0,-45.0,-50.0,-50.0,-50.0,-45.0,-35.0,-45.0,-40.0,-40.0,-40.0,-50.0,-45.0,-45.0,-50.0,-50.0,-40.0,-35.0
