generation,fitness,p_health,e_health,time
0,86.72779748231463,30.700000000000273,0.0,569.75
0,38.271127868096094,1.2500000000001172,50.0,949.25
0,-0.6588776394910578,27.950000000000102,50.0,500.0
0,-0.6219388197455269,11.050000000000074,25.0,250.0
0,-1.5418791227220854,0.0,25.0,119.25
0,-0.3277552789821141,65.80000000000022,100.0,1000.0
0,-0.38193881974552624,13.45000000000008,25.0,250.0
0,1.8472447210178746,87.55000000000013,100.0,1000.0
0,29.320020273098503,0.0,60.0,809.0
0,87.06870308460182,36.55000000000028,0.0,743.75
0,17.961843346710065,0.0,72.5,888.75
0,-1.6393872541236336,17.950000000000067,50.0,481.25
0,89.02955394255787,46.60000000000031,0.0,284.25
0,-1.5576203618946205,0.0,25.0,127.0
0,40.78024702778929,22.150000000000027,50.0,651.25
0,5.582244721017891,34.90000000000027,90.0,1000.0
0,-0.3519388197455262,13.75000000000008,25.0,250.0
0,37.4422447210179,61.000000000000334,57.5,1000.0
0,-0.8769388197455275,8.500000000000068,25.0,250.0
0,45.768449422292214,24.050000000000153,45.0,476.25
0,89.44700934256369,50.95000000000031,0.0,284.75
0,-0.1719388197455256,15.550000000000084,25.0,250.0
0,53.9189579391504,63.550000000000196,40.0,702.75
0,-1.660621700341814,0.0,25.0,191.75
0,-0.1719388197455256,15.550000000000084,25.0,250.0
0,-0.6519388197455269,10.750000000000073,25.0,250.0
0,85.46082906411982,37.30000000000028,2.5,479.5
0,50.76153021196187,6.550000000000063,37.5,469.0
0,23.042402902024058,5.9500000000000615,67.5,904.5
0,-1.5531515239378797,0.0,25.0,124.75
0,7.748312543652409,10.400000000000128,85.0,896.5
0,-0.9519388197455276,7.750000000000066,25.0,250.0
0,0.06348365281386137,1.1500000000000585,92.5,903.0
0,-0.3519388197455262,13.75000000000008,25.0,250.0
0,-0.4038776394910535,30.50000000000015,50.0,500.0
0,0.8422447210178847,77.50000000000021,100.0,1000.0
0,-1.5929029618079642,0.0,25.0,146.25
0,35.64224472101789,20.500000000000252,55.0,1000.0
0,49.09551902535355,14.200000000000081,40.0,605.5
0,-1.5929029618079642,0.0,25.0,146.25
0,82.36879955945187,27.300000000000203,5.0,388.25
0,87.15911237006848,30.850000000000264,0.0,378.0
0,18.412524260345382,0.0,72.5,570.25
0,54.44451942261297,20.300000000000143,35.0,441.75
0,-0.4719388197455263,12.550000000000077,25.0,250.0
0,66.50877889467351,26.850000000000207,22.5,377.25
0,52.42750566281515,21.950000000000145,37.5,427.75
0,28.756943246512385,13.000000000000078,62.5,571.75
0,-0.9519388197455276,7.750000000000066,25.0,250.0
0,-0.2908164592365805,48.90000000000022,75.0,750.0
0,-1.5881573490798917,0.0,25.0,143.5
0,-0.04387763949105383,34.10000000000014,50.0,500.0
0,-1.6963969112519823,0.0,25.0,221.25
0,44.60099892859746,15.05000000000013,45.0,646.0
0,21.017244721017885,76.75000000000023,77.5,1000.0
0,6.039251084266866,36.15000000000023,90.0,816.25
0,48.14541556021282,30.40000000000026,42.5,837.25
0,-1.6509859561501181,0.0,25.0,184.5
0,-1.131938819745528,5.9500000000000615,25.0,250.0
0,64.43844981654937,11.650000000000075,22.5,672.25
0,-1.6868966317073288,0.0,25.0,213.0
0,-0.11193881974552577,16.150000000000084,25.0,250.0
0,21.122244721017893,55.30000000000028,75.0,1000.0
0,39.22407986799256,33.45000000000021,52.5,965.75
0,-1.6319894794056375,0.0,25.0,171.0
0,-0.9819388197455277,7.450000000000065,25.0,250.0
0,-0.9969388197455277,7.300000000000065,25.0,250.0
0,0.4372447210178887,73.45000000000024,100.0,1000.0
0,32.70224472101789,36.10000000000028,60.0,1000.0
0,-1.5756547439362263,0.0,25.0,136.5
0,1.847244721017875,87.55000000000013,100.0,1000.0
0,-1.6705271493624523,0.0,25.0,199.5
0,89.64925330331526,53.3500000000003,0.0,300.0
0,-1.1769388197455282,5.50000000000006,25.0,250.0
0,19.416487392309563,12.550000000000077,72.5,800.0
0,32.942244721017886,61.00000000000024,62.5,1000.0
0,-0.8019388197455273,9.25000000000007,25.0,250.0
0,44.44103201682554,61.750000000000284,50.0,874.75
0,90.64744986366708,65.20000000000024,0.0,382.75
0,0.4522447210178886,73.60000000000025,100.0,1000.0
0,88.95588043679933,45.8500000000003,0.0,279.0
0,9.591043030492818,0.0,82.5,487.0
0,-1.535509351396839,0.0,25.0,116.25
0,-0.6969388197455271,10.300000000000072,25.0,250.0
0,-1.559092397550926,0.0,25.0,127.75
0,-1.6648234799209094,0.0,25.0,195.0
0,-0.2608164592365827,49.200000000000195,75.0,750.0
0,-1.0869388197455279,6.4000000000000625,25.0,250.0
0,-1.6705271493624523,0.0,25.0,199.5
0,4.202244721017893,43.60000000000029,92.5,1000.0
0,-1.6269388197455283,1.0000000000000586,25.0,250.0
0,38.50163471237804,0.0,50.0,677.5
0,-1.7077185586615449,0.0,25.0,231.5
0,1.9222447210178748,88.30000000000011,100.0,1000.0
0,-1.5663253031844275,0.0,25.0,131.5
0,12.497244721017893,36.55000000000028,82.5,1000.0
0,-1.569630356041461,0.0,25.0,133.25
0,-1.116938819745528,6.100000000000062,25.0,250.0
0,-1.7149037259135504,0.0,25.0,238.25
0,-1.6625697621468556,0.0,25.0,193.25
1,69.36930701259939,14.90000000000013,17.5,590.0
1,61.292502534180414,3.1000000000000574,25.0,677.5
1,0.36806118025446954,20.95000000000004,25.0,250.0
1,-0.2619388197455259,14.650000000000082,25.0,250.0
1,89.30203867172963,55.30000000000029,0.0,517.0
1,-0.9369388197455275,7.900000000000066,25.0,250.0
1,83.3136075680402,36.75000000000023,5.0,373.25
1,3.893061180254473,11.200000000000074,20.0,250.0
1,58.18166876735312,42.550000000000296,32.5,923.0
1,67.37896895138144,44.700000000000195,22.5,939.5
1,51.23021617798045,13.150000000000079,37.5,577.75
1,89.620263781033,52.75000000000031,0.0,287.25
1,89.27641286703192,50.65000000000031,0.0,327.5
1,88.43653890445646,42.100000000000264,0.0,337.25
1,38.90161451479403,0.0,50.0,446.25
1,48.59007717468704,12.200000000000124,40.0,812.5
1,2.869109423462622,0.0,20.0,170.25
1,18.19836036212687,0.0,72.5,706.75
1,-0.4419388197455263,12.850000000000078,25.0,250.0
1,88.29250745840766,41.500000000000284,0.0,359.75
1,83.56432694523268,19.500000000000192,2.5,464.0
1,84.17816802463167,24.0000000000002,2.5,429.0
1,84.67808080220841,28.80000000000021,2.5,402.75
1,45.04207706452674,37.25000000000012,47.5,423.75
1,89.06449255094381,46.6000000000003,0.0,270.75
1,-1.5975601667663375,0.0,25.0,149.0
1,-1.5756547439362263,0.0,25.0,136.5
1,47.571088267166424,0.0,40.0,627.5
1,0.6618426509201083,0.0,22.5,143.5
1,0.5030611802544684,22.300000000000026,25.0,250.0
1,-0.27693881974552603,14.500000000000082,25.0,250.0
1,48.53471124208571,35.650000000000276,42.5,887.5
1,0.7134176855827756,0.0,22.5,116.75
1,4.598061180254472,18.250000000000064,20.0,250.0
1,43.51023381149881,31.15000000000026,47.5,952.25
1,7.044183540763418,32.25000000000021,65.0,750.0
1,0.20306118025447129,19.300000000000054,25.0,250.0
1,0.6230611802544672,23.500000000000014,25.0,250.0
1,88.5570332815994,44.20000000000029,0.0,356.25
1,1.598061180254473,10.750000000000073,22.5,250.0
1,0.5180611802544681,22.450000000000024,25.0,250.0
1,68.7361175744872,11.40000000000018,17.5,801.75
1,89.84534325935104,58.45000000000024,0.0,442.5
1,0.6080611802544675,23.350000000000016,25.0,250.0
1,89.54853628766575,51.700000000000315,0.0,277.25
1,36.9090191504057,8.350000000000067,52.5,814.25
1,-1.0119388197455277,7.150000000000064,25.0,250.0
1,2.738061180254469,22.150000000000027,22.5,250.0
1,-0.3519388197455262,13.75000000000008,25.0,250.0
1,85.44053987416552,20.50000000000024,0.0,746.25
1,2.348061180254472,18.250000000000064,22.5,250.0
1,-0.12693881974552568,16.000000000000085,25.0,250.0
1,74.07545401028986,56.200000000000244,17.5,424.25
1,88.53615913907367,42.85000000000029,0.0,316.25
1,-1.5434465259754842,0.0,25.0,120.0
1,81.10599965716143,44.550000000000225,7.5,758.5
1,72.14766994369577,17.900000000000137,15.0,484.0
1,-0.6669388197455268,10.600000000000072,25.0,250.0
1,-1.5581120041376306,0.0,25.0,127.25
1,-0.7569388197455271,9.70000000000007,25.0,250.0
1,57.77094417386991,9.25000000000007,30.0,484.75
1,0.7081208772779146,0.0,22.5,119.25
1,88.94524839209872,47.6500000000003,0.0,348.75
1,-0.5319388197455266,11.950000000000076,25.0,250.0
1,75.97605726942896,9.800000000000127,10.0,411.5
1,88.77436989642422,48.2500000000003,0.0,426.25
1,42.57224472101789,67.30000000000027,52.5,1000.0
1,0.4130611802544695,21.400000000000034,25.0,250.0
1,-1.5761122006054953,0.0,25.0,136.75
1,89.60419241294566,53.20000000000031,0.0,305.5
1,2.893782744023653,0.0,20.0,154.25
1,76.47159997351433,42.10000000000026,12.5,751.75
1,74.10671219397895,61.60000000000026,17.5,614.5
1,-1.54448602851265,0.0,25.0,120.5
1,2.8384023712880677,0.0,20.0,192.5
1,87.2471669900013,31.45000000000027,0.0,367.0
1,-0.9969388197455277,7.300000000000065,25.0,250.0
1,3.803061180254473,10.300000000000072,20.0,250.0
1,88.76280533176643,44.050000000000296,0.0,282.75
1,45.661916970105054,30.550000000000267,45.0,985.75
1,49.77625744751585,42.70000000000029,42.5,632.5
1,61.33132136125317,21.800000000000146,27.5,454.5
1,45.6022447210179,52.60000000000031,47.5,1000.0
1,0.5867842426616632,0.0,22.5,193.75
1,31.577244721017895,47.3500000000003,62.5,1000.0
1,-1.0719388197455277,6.550000000000063,25.0,250.0
1,88.68686479930611,44.5000000000003,0.0,328.5
1,68.77571369159413,9.100000000000069,17.5,598.75
1,88.61036919922967,42.700000000000294,0.0,288.75
1,-1.5837635628745148,0.0,25.0,141.0
1,0.008061180254473221,17.350000000000072,25.0,250.0
1,70.87974937919209,23.90000000000015,17.5,332.0
1,-1.7229064742630633,0.0,25.0,246.0
1,-1.6223012328313293,0.0,25.0,164.5
1,4.418061180254474,16.45000000000008,20.0,250.0
1,4.178061180254474,14.05000000000008,20.0,250.0
1,-0.6219388197455269,11.050000000000074,25.0,250.0
1,2.6780611802544687,21.550000000000033,22.5,250.0
1,-0.12693881974552568,16.000000000000085,25.0,250.0
1,-1.7213774175087044,0.0,25.0,244.5
2,83.25929454607322,38.55000000000023,5.0,450.0
2,52.102981591536796,2.6500000000000576,35.0,796.25
2,88.46843551498608,48.40000000000026,0.0,591.5
2,67.94171613852622,20.450000000000145,20.0,459.25
2,53.16280229482866,59.35000000000027,40.0,881.75
2,-0.021938819745526583,17.050000000000075,25.0,250.0
2,-1.5868473024140026,0.0,25.0,142.75
2,90.11784646894208,57.550000000000324,0.0,282.75
2,87.89601100248606,40.15000000000028,0.0,477.0
2,8.063061180254472,7.900000000000066,15.0,250.0
2,32.002956672044256,0.0,57.5,519.5
2,52.135195111346086,3.850000000000057,35.0,858.0
2,7.463061180254472,1.900000000000058,15.0,250.0
2,78.29766927421721,30.450000000000216,10.0,322.75
2,80.02932733386369,27.600000000000207,7.5,448.0
2,86.7211654221003,26.500000000000256,0.0,377.5
2,5.107980522147006,0.0,17.5,178.0
2,89.34835290818224,49.60000000000031,0.0,274.75
2,36.3781979304686,0.0,52.5,602.25
2,-1.221938819745528,5.050000000000059,25.0,250.0
2,91.21767545168916,71.20000000000027,0.0,397.25
2,88.14916103502433,40.750000000000284,0.0,380.75
2,4.86806118025447,20.95000000000004,20.0,250.0
2,91.84065895230904,74.65000000000023,0.0,279.0
2,89.21655070186131,49.150000000000304,0.0,300.0
2,0.6276987671686707,0.0,22.5,164.5
2,78.31230206942301,16.800000000000182,7.5,754.5
2,7.853061180254471,5.800000000000061,15.0,250.0
2,88.03090304239979,38.05000000000028,0.0,325.75
2,78.23658224992755,40.000000000000284,10.0,876.5
2,70.78180656331688,24.950000000000152,17.5,424.75
2,54.33586175493748,0.0,32.5,615.75
2,89.70313500695588,54.400000000000304,0.0,313.75
2,67.5430986399322,14.300000000000129,20.0,365.25
2,2.873061180254467,23.500000000000014,22.5,250.0
2,81.85319493386714,30.100000000000264,5.0,793.75
2,90.3802016273377,59.80000000000032,0.0,273.0
2,79.67852010747863,52.60000000000031,10.0,765.5
2,2.901602311512342,0.0,20.0,149.5
2,87.48241345294623,34.75000000000027,0.0,401.25
2,89.22596174399483,49.150000000000304,0.0,296.75
2,1.8380611802544737,13.150000000000079,22.5,250.0
2,87.14899077106386,36.400000000000276,0.0,677.5
2,45.51251998938784,0.0,42.5,516.75
2,41.037817208777426,0.0,47.5,502.75
2,-0.6669388197455268,10.600000000000072,25.0,250.0
2,69.04104172097045,52.50000000000021,22.5,451.75
2,80.09750593258228,29.450000000000156,7.5,464.25
2,88.09196361680738,38.35000000000028,0.0,314.25
2,53.20112828030401,8.800000000000068,35.0,504.0
2,3.113061180254472,3.400000000000057,20.0,250.0
2,91.26651807706271,74.20000000000022,0.0,497.5
2,0.663590909792851,0.0,22.5,142.5
2,62.57282618601678,10.250000000000128,25.0,407.0
2,4.268061180254474,14.950000000000083,20.0,250.0
2,0.6230611802544672,23.500000000000014,25.0,250.0
2,0.7102261528770168,0.0,22.5,118.25
2,82.26816812894566,6.000000000000174,2.5,438.5
2,83.96743918214264,24.900000000000183,2.5,621.5
2,-1.4095886673334364,0.0,25.0,70.25
2,1.4030611802544728,8.800000000000068,22.5,250.0
2,1.4180611802544725,8.950000000000069,22.5,250.0
2,5.0936519079980105,0.0,17.5,188.5
2,-0.30693881974552606,14.200000000000081,25.0,250.0
2,0.6231805719037471,0.0,22.5,167.5
2,-1.652337310791845,0.0,25.0,185.5
2,92.51531832053581,81.40000000000018,0.0,292.75
2,-1.5700989597400488,0.0,25.0,133.5
2,7.349353026952666,0.0,15.0,184.25
2,48.68096778342509,37.75000000000028,42.5,943.75
2,-0.681938819745527,10.450000000000072,25.0,250.0
2,7.314870160098444,0.0,15.0,211.5
2,90.14578067459439,58.60000000000029,0.0,304.0
2,77.88696116702616,31.050000000000217,10.0,523.5
2,74.46943935257501,18.350000000000144,12.5,471.25
2,83.64814322191904,18.000000000000195,2.5,375.25
2,-1.5916176119328596,0.0,25.0,145.5
2,7.515615948729393,0.0,15.0,94.75
2,45.331104394489266,0.0,42.5,630.0
2,-1.146938819745528,5.800000000000061,25.0,250.0
2,7.343320562687744,0.0,15.0,188.75
2,0.5480611802544679,22.75000000000002,25.0,250.0
2,44.364693893327136,35.550000000000196,47.5,721.0
2,0.6666800929650774,0.0,22.5,140.75
2,-1.5924752457070568,0.0,25.0,146.0
2,60.0312738588769,31.850000000000165,30.0,540.25
2,20.486952147768832,0.0,70.0,687.0
2,89.84343676007875,54.40000000000032,0.0,269.5
2,2.4680611802544714,19.450000000000053,22.5,250.0
2,62.24660229511059,29.150000000000162,27.5,407.5
2,-0.5169388197455265,12.100000000000076,25.0,250.0
2,-0.9969388197455277,7.300000000000065,25.0,250.0
2,92.0989946466825,81.40000000000018,0.0,456.0
2,5.210226152877016,0.0,17.5,118.25
2,0.6657935672133897,0.0,22.5,141.25
2,0.038061180254472804,17.65000000000007,25.0,250.0
2,88.61373195932293,45.5500000000003,0.0,414.25
2,2.8618730282413525,0.0,20.0,175.25
2,0.7034478440248766,0.0,22.5,121.5
2,65.01225449072899,40.600000000000215,25.0,737.25
3,70.50595131642143,4.150000000000057,15.0,611.0
3,58.85688463596678,3.1000000000000574,27.5,816.75
3,89.24006212798432,53.500000000000306,0.0,465.25
3,74.33556470367503,36.75000000000023,15.0,365.5
3,76.21390146793416,58.15000000000032,15.0,515.0
3,89.5970093425637,52.450000000000315,0.0,284.75
3,89.03956519564272,49.300000000000296,0.0,370.25
3,61.619643401805135,27.000000000000206,27.5,603.25
3,73.75964144722057,31.850000000000172,15.0,392.5
3,7.440907602449074,0.0,15.0,127.75
3,88.09961265279864,39.10000000000029,0.0,339.75
3,88.95012744275274,46.3000000000003,0.0,294.5
3,1.4330611802544726,9.100000000000069,22.5,250.0
3,92.22974844210039,79.90000000000019,0.0,332.25
3,88.56214420933,43.60000000000029,0.0,337.75
3,92.01729414123388,77.80000000000021,0.0,327.25
3,83.26750159608393,34.650000000000226,5.0,301.0
3,77.19717906638552,25.3500000000002,10.0,570.5
3,4.5830611802544725,18.100000000000065,20.0,250.0
3,77.30098088369336,30.25000000000027,10.0,858.0
3,46.98529207945282,12.350000000000133,42.5,413.0
3,9.60868375749116,0.0,12.5,177.5
3,89.74098781461787,53.20000000000031,0.0,278.25
3,81.75210795239076,21.150000000000205,5.0,361.5
3,86.62896522974219,32.65000000000027,0.0,764.5
3,89.60800265154693,52.45000000000031,0.0,282.75
3,76.05229392374288,38.800000000000246,12.5,750.75
3,87.32903970235343,33.40000000000027,0.0,409.0
3,89.1553508587729,47.80000000000031,0.0,277.5
3,64.72427973139011,40.45000000000025,25.0,926.5
3,0.6752626882860144,0.0,22.5,136.0
3,55.09871031910649,6.550000000000063,32.5,551.0
3,66.87652630003568,51.90000000000021,25.0,363.75
3,85.07377403871556,32.10000000000022,2.5,376.75
3,88.3147022609259,39.85000000000028,0.0,295.75
3,5.2060331824735595,0.0,17.5,120.25
3,89.460876493436,56.650000000000276,0.0,503.5
3,63.81911376845157,5.0000000000001155,22.5,624.5
3,83.48816062770538,17.400000000000194,2.5,411.5
3,87.16108725255225,51.45000000000016,2.5,345.0
3,5.663061180254472,6.4000000000000625,17.5,250.0
3,-1.131938819745528,5.9500000000000615,25.0,250.0
3,90.66058144208785,63.40000000000029,0.0,295.5
3,75.59908368447358,10.40000000000012,10.0,628.75
3,34.045137147994915,0.0,55.0,641.0
3,72.11678299349313,17.000000000000135,15.0,453.5
3,76.64916837424684,19.850000000000144,10.0,601.25
3,66.88149185919758,35.20000000000023,22.5,713.0
3,44.77878821207854,16.45000000000008,45.0,625.5
3,89.15265715382252,48.7000000000003,0.0,306.25
3,2.7781118570838457,0.0,20.0,245.0
3,91.80236505240617,78.7000000000002,0.0,460.25
3,85.03460894323037,33.300000000000225,2.5,481.25
3,54.291290572365995,48.85000000000023,37.5,943.5
3,5.663061180254472,6.4000000000000625,17.5,250.0
3,88.85281375548298,44.5000000000003,0.0,269.75
3,91.08612330567729,65.6500000000003,0.0,252.75
3,89.5345573661543,53.80000000000029,0.0,376.25
3,-1.6409638816330319,0.0,25.0,177.25
3,89.38259907872265,50.050000000000274,0.0,279.0
3,-1.5705666867240016,0.0,25.0,133.75
3,3.9230611802544733,11.500000000000075,20.0,250.0
3,2.804451985998302,0.0,20.0,220.5
3,81.4838032329374,18.450000000000188,5.0,356.0
3,48.03765366855997,9.050000000000116,40.0,962.0
3,9.710755253603612,0.0,12.5,118.0
3,5.107279259415104,0.0,17.5,178.5
3,5.603061180254472,5.800000000000061,17.5,250.0
3,-1.6788458465836702,0.0,25.0,206.25
3,5.030418382927168,0.0,17.5,242.75
3,2.9180611802544716,1.4500000000000584,20.0,250.0
3,55.03358145780576,2.350000000000058,32.5,389.75
3,6.113061180254473,10.900000000000073,17.5,250.0
3,4.973061180254469,22.00000000000003,20.0,250.0
3,5.143377885635577,0.0,17.5,154.5
3,5.174803551334189,0.0,17.5,136.25
3,-0.6069388197455268,11.200000000000074,25.0,250.0
3,2.789062512748444,0.0,20.0,234.5
3,19.875073285925726,0.0,47.5,501.25
3,68.96609944268745,11.200000000000074,17.5,654.25
3,-1.6978053656815464,0.0,25.0,222.5
3,0.6161896822465853,0.0,22.5,172.25
3,89.69982181459261,54.70000000000032,0.0,323.75
3,87.17286760237997,28.90000000000027,0.0,313.0
3,2.903061180254472,1.3000000000000584,20.0,250.0
3,80.79859484663295,16.65000000000019,5.0,593.5
3,1.6280611802544733,11.050000000000074,22.5,250.0
3,0.6276987671686707,0.0,22.5,164.5
3,87.00239267508884,30.850000000000264,0.0,438.5
3,-0.21693881974552576,15.100000000000083,25.0,250.0
3,74.81713244754201,0.500000000000117,10.0,515.75
3,38.54947054189599,25.650000000000205,52.5,876.25
3,89.1094841747768,48.85000000000031,0.0,324.0
3,74.45963496319109,16.550000000000132,12.5,390.25
3,45.797883174763626,26.45000000000016,45.0,611.75
3,8.633061180254474,13.60000000000008,15.0,250.0
3,0.6978524934758428,0.0,22.5,124.25
3,87.52533227098841,34.45000000000027,0.0,375.75
3,76.76937747014753,38.55000000000024,12.5,373.5
3,18.56242902304777,8.950000000000069,50.0,494.0
4,7.38385292407751,0.0,15.0,160.5
4,2.8406854921788858,0.0,20.0,190.75
4,9.48806118025447,22.150000000000027,15.0,250.0
4,51.06815715017701,10.150000000000071,37.5,518.75
4,89.99122035353281,60.7000000000003,0.0,461.5
4,89.7682709117465,54.55000000000032,0.0,297.5
4,80.21135948427852,30.450000000000216,7.5,476.5
4,0.5858183689554022,0.0,22.5,194.5
4,90.50204946940923,61.90000000000032,0.0,296.25
4,87.99689797585546,38.65000000000028,0.0,353.75
4,90.07781446892768,56.650000000000304,0.0,269.25
4,90.990293936027,69.10000000000022,0.0,401.75
4,89.27262548756491,49.750000000000306,0.0,308.75
4,92.22026092790155,79.0000000000002,0.0,295.25
4,89.31368001598227,49.75000000000031,0.0,288.0
4,80.63101727662627,16.35000000000018,5.0,674.75
4,83.26600056703293,44.80000000000028,5.0,839.0
4,9.550794070431285,0.0,12.5,223.75
4,88.59774342105322,42.85000000000029,0.0,298.5
4,78.01457478856219,27.750000000000206,10.0,320.5
4,87.62226457566507,42.10000000000029,0.0,750.5
4,89.0489458209243,48.55000000000031,0.0,332.5
4,50.01576299580537,49.75000000000028,42.5,863.0
4,77.63047482679757,4.3000000000000576,7.5,424.5
4,89.07957552127215,47.3500000000003,0.0,287.5
4,81.01649480378896,20.55000000000019,5.0,711.75
4,5.204478773320842,0.0,17.5,121.0
4,92.3853193021597,76.00000000000023,0.0,184.0
4,83.00019896995329,14.550000000000178,2.5,506.25
4,87.47099893006008,32.50000000000027,0.0,328.75
4,81.6662621057672,48.700000000000294,7.5,667.5
4,81.37846226356913,22.200000000000202,5.0,577.0
4,86.26187837475307,21.85000000000025,0.0,381.0
4,88.88425491312479,47.35000000000025,0.0,373.25
4,89.84124947372136,57.10000000000031,0.0,356.75
4,80.10992495439541,7.500000000000173,5.0,500.75
4,84.84767625859268,30.900000000000215,2.5,423.0
4,88.35365984822565,45.4000000000003,0.0,490.0
4,66.00595698503828,26.70000000000021,22.5,654.25
4,68.69479034844517,29.150000000000098,20.0,558.0
4,89.16308159662694,49.30000000000031,0.0,321.0
4,86.49192037560611,70.75000000000024,5.0,501.5
4,89.41355944263346,52.60000000000024,0.0,395.75
4,81.11946973529395,43.75000000000029,7.5,728.25
4,89.91875268185079,55.600000000000314,0.0,282.75
4,90.02740893848332,58.45000000000033,0.0,341.5
4,90.49892968652404,61.900000000000325,0.0,300.0
4,89.16526196365774,49.750000000000284,0.0,346.5
4,87.69064385460804,34.00000000000027,0.0,304.5
4,1.103061180254472,5.800000000000061,22.5,250.0
4,86.4745169547163,27.70000000000026,0.0,567.25
4,47.34442406979405,40.65000000000022,45.0,574.25
4,89.86932901133795,55.15000000000032,0.0,285.25
4,87.61686076212169,32.50000000000027,0.0,282.0
4,81.67369704961878,23.250000000000178,5.0,485.25
4,87.78708997629309,37.900000000000276,0.0,409.5
4,57.89550000974547,34.65000000000016,32.5,595.75
4,90.2386012358331,58.150000000000325,0.0,264.25
4,52.40879682222531,0.0,35.0,443.0
4,92.160722719141,74.8000000000002,0.0,219.5
4,85.91215676602917,20.350000000000247,0.0,459.0
4,5.1261836110157475,0.0,17.5,165.5
4,84.40189335648138,46.65000000000024,5.0,354.0
4,89.8598677891942,57.250000000000284,0.0,369.75
4,90.53684632385483,65.80000000000027,0.0,433.25
4,92.72337905443288,81.55000000000018,0.0,233.5
4,70.0329507431661,18.50000000000014,17.5,442.0
4,9.730589439162742,0.0,12.5,109.0
4,-0.5169388197455265,12.100000000000076,25.0,250.0
4,80.79470963656004,57.400000000000276,10.0,463.25
4,0.38306118025446967,21.100000000000037,25.0,250.0
4,0.5930611802544674,23.200000000000017,25.0,250.0
4,5.783061180254473,7.600000000000065,17.5,250.0
4,54.01820109523569,38.900000000000105,37.5,556.0
4,89.8400244986408,56.05000000000031,0.0,323.0
4,-0.5769388197455267,11.500000000000075,25.0,250.0
4,92.32982467798217,78.7000000000002,0.0,263.25
4,92.74922695170335,81.70000000000017,0.0,227.25
4,6.083061180254473,10.600000000000072,17.5,250.0
4,-1.582430226380674,0.0,25.0,140.25
4,11.874677582364903,0.0,10.0,166.5
4,63.292278262340766,68.80000000000027,30.0,819.5
4,3.0509855623086573,0.0,20.0,82.25
4,-1.6809581102053022,0.0,25.0,208.0
4,5.167569773619326,0.0,17.5,140.25
4,59.16145257480383,46.350000000000186,32.5,597.0
4,82.2131395333854,51.300000000000146,7.5,574.0
4,69.54217794603395,17.150000000000134,17.5,635.75
4,0.6644696453197121,0.0,22.5,142.0
4,7.451398652223832,0.0,15.0,122.5
4,2.9655682364784415,0.0,20.0,115.75
4,-1.5069388197455285,2.200000000000058,25.0,250.0
4,92.75658754399869,80.65000000000018,0.0,219.0
4,86.94514980513678,33.85000000000027,0.0,635.0
4,11.198061180254474,16.750000000000078,12.5,250.0
4,90.62867314616682,62.35000000000029,0.0,272.25
4,-1.2669388197455285,4.600000000000058,25.0,250.0
4,2.9881569552384306,0.0,20.0,105.75
4,2.8429896559551167,0.0,20.0,189.0
4,75.48090551719643,4.700000000000116,10.0,399.75
5,14.168462631711225,0.0,7.5,139.75
5,89.84433659051513,59.0500000000003,0.0,431.25
5,89.07402793719132,48.1000000000003,0.0,310.75
5,5.099353026952666,0.0,17.5,184.25
5,90.2157614101974,58.75000000000033,0.0,287.75
5,88.42831313946198,42.40000000000029,0.0,335.0
5,90.92319324046437,64.15000000000026,0.0,244.5
5,87.92266250269009,42.70000000000025,0.0,622.0
5,88.67114908588402,44.50000000000029,0.0,330.75
5,91.11164328647811,68.95000000000022,0.0,350.75
5,89.85963286817089,54.70000000000032,0.0,273.5
5,77.71399783354539,10.050000000000175,7.5,701.25
5,77.4948607673564,32.95000000000027,10.0,905.5
5,85.97171891547616,21.400000000000244,0.0,479.25
5,59.53011280044493,2.200000000000058,27.5,380.5
5,75.4024177477782,31.150000000000276,12.5,682.0
5,90.04889705482712,56.65000000000032,0.0,277.25
5,87.28825903460415,32.950000000000266,0.0,409.5
5,87.80638684353661,35.65000000000028,0.0,332.0
5,85.93696121936361,24.40000000000025,0.0,677.5
5,68.01228824002337,43.5000000000002,22.5,522.5
5,80.34552188525333,30.600000000000215,7.5,419.5
5,86.64714429319254,24.55000000000026,0.0,341.0
5,89.60913716518209,58.900000000000226,0.0,557.75
5,84.37354803992335,28.20000000000021,2.5,510.75
5,71.62853071773465,11.150000000000121,15.0,399.0
5,83.86010468544087,42.750000000000185,5.0,389.0
5,91.44563556345246,72.10000000000025,0.0,321.75
5,77.90610563480794,12.000000000000174,7.5,700.75
5,69.21655814005307,10.000000000000071,17.5,426.5
5,85.44161188355731,39.150000000000205,2.5,531.75
5,81.20113024063687,41.050000000000296,7.5,533.75
5,16.2540342650805,15.700000000000085,30.0,394.0
5,89.61470820007462,52.75000000000031,0.0,288.75
5,92.13225800549871,81.40000000000018,0.0,418.75
5,89.45915740387707,54.400000000000304,0.0,402.5
5,86.86006220170145,30.750000000000213,0.0,521.5
5,89.27498715435269,49.750000000000306,0.0,303.75
5,89.49297215550374,53.65000000000031,0.0,357.5
5,14.09431591901254,0.0,7.5,188.0
5,91.29337460638342,68.35000000000028,0.0,255.25
5,14.2465712109893,0.0,7.5,102.25
5,80.2949116246095,9.500000000000124,5.0,473.25
5,88.65072333575392,45.2500000000003,0.0,364.25
5,86.73531535439926,23.95000000000025,0.0,290.75
5,83.27590768398682,17.550000000000182,2.5,508.75
5,86.0972504323765,21.400000000000247,0.0,424.75
5,0.4130611802544695,21.400000000000034,25.0,250.0
5,90.16284646894206,58.00000000000033,0.0,282.75
5,68.94378390046516,6.700000000000063,17.5,398.0
5,70.30942783414113,41.850000000000236,20.0,384.0
5,87.04839062845349,30.85000000000027,0.0,425.25
5,89.78234425390154,54.85000000000031,0.0,305.75
5,90.03614428598769,58.150000000000325,0.0,325.0
5,91.95187659088865,76.75000000000021,0.0,311.25
5,92.29197892776067,76.75000000000023,0.0,237.75
5,88.48299294177625,42.40000000000029,0.0,323.75
5,89.97808606731252,54.25000000000025,0.0,247.75
5,92.09970386345321,78.10000000000021,0.0,318.0
5,89.47902116615482,52.60000000000031,0.0,325.75
5,14.168061180254472,1.4500000000000584,7.5,250.0
5,92.7236904788663,80.65000000000018,0.0,214.25
5,7.853061180254471,5.800000000000061,15.0,250.0
5,1.4180611802544725,8.950000000000069,22.5,250.0
5,9.540935180680734,0.0,12.5,232.75
5,9.67070882831318,0.0,12.5,138.5
5,92.09999817857107,75.40000000000022,0.0,243.75
5,86.82238774160552,31.75000000000027,0.0,575.25
5,80.85124875612829,35.10000000000022,7.5,390.5
5,7.483472977474063,0.0,15.0,107.75
5,7.342659186640638,0.0,15.0,189.25
5,89.66820179986874,52.90000000000032,0.0,276.5
5,-1.57289228488958,0.0,25.0,135.0
5,5.174803551334189,0.0,17.5,136.25
5,-1.3419388197455284,3.850000000000057,25.0,250.0
5,84.72916477608507,32.25000000000021,2.5,529.75
5,2.57306118025447,20.500000000000043,22.5,250.0
5,70.56054546638812,48.40000000000025,20.0,606.25
5,10.838061180254474,13.150000000000079,12.5,250.0
5,0.6288411910911871,0.0,22.5,163.75
5,-1.6868966317073288,0.0,25.0,213.0
5,-1.6978053656815464,0.0,25.0,222.5
5,13.148061180254473,13.75000000000008,10.0,250.0
5,-0.30693881974552606,14.200000000000081,25.0,250.0
5,-0.6219388197455269,11.050000000000074,25.0,250.0
5,87.11763760060019,34.75000000000027,0.0,586.75
5,53.255879540274435,16.400000000000134,35.0,977.0
5,-1.5634572028938682,0.0,25.0,130.0
5,80.8448379072292,39.55000000000021,7.5,645.75
5,-0.4719388197455263,12.550000000000077,25.0,250.0
5,61.67641004216108,7.150000000000064,25.0,708.75
5,7.485219201104551,0.0,15.0,107.0
5,92.88941174504426,82.90000000000016,0.0,226.25
5,-1.7085271847034595,0.0,25.0,232.25
5,76.4639167803152,19.250000000000124,10.0,683.25
5,89.12489000002552,49.000000000000306,0.0,324.0
5,-1.0269388197455278,7.000000000000064,25.0,250.0
5,7.342659186640638,0.0,15.0,189.25
5,11.77557376421784,0.0,10.0,247.5
5,5.117645290434444,0.0,17.5,171.25
6,89.47270532977714,52.4500000000003,0.0,329.0
6,89.27007536597722,49.900000000000304,0.0,307.0
6,88.78337286858937,46.30000000000031,0.0,355.75
6,86.69638072541312,26.800000000000253,0.0,399.0
6,90.86976100822692,63.550000000000225,0.0,246.5
6,89.88452859590029,62.20000000000026,0.0,586.75
6,84.83324191938148,30.900000000000215,2.5,430.5
6,91.68711181350199,73.30000000000025,0.0,284.5
6,88.35779940847458,40.90000000000029,0.0,313.25
6,89.04489550021053,49.000000000000306,0.0,350.0
6,59.962048393525336,37.000000000000284,30.0,862.0
6,88.5509523954704,44.80000000000026,0.0,392.25
6,77.10354616745715,6.200000000000118,7.5,869.0
6,89.37841192071355,50.35000000000031,0.0,287.75
6,90.20103782622024,60.25000000000031,0.0,339.5
6,88.91961267005127,45.4000000000003,0.0,276.25
6,78.0592435547834,13.200000000000184,7.5,687.25
6,19.505490283046814,16.750000000000078,50.0,402.75
6,75.44950022863466,8.450000000000118,10.0,608.75
6,84.23995551763286,23.7000000000002,2.5,364.25
6,85.90623525966842,45.40000000000029,2.5,646.25
6,85.61451798279421,20.35000000000025,0.0,632.5
6,76.33826578589301,12.500000000000131,10.0,375.5
6,74.95146185798242,44.100000000000215,15.0,399.75
6,91.01882693370563,65.80000000000032,0.0,262.75
6,76.27700578585528,18.15000000000019,10.0,691.25
6,79.16871106434617,18.350000000000136,7.5,381.75
6,86.53707971050406,29.50000000000027,0.0,637.75
6,70.61348481984997,29.950000000000262,17.5,797.5
6,89.63068822383744,53.350000000000314,0.0,302.0
6,92.73588120535193,83.20000000000016,0.0,291.25
6,84.98801859233231,52.65000000000021,5.0,359.5
6,78.27032266338122,39.40000000000029,10.0,836.5
6,89.06528196661654,47.80000000000031,0.0,310.0
6,90.77651380984793,64.00000000000031,0.0,277.0
6,89.94948935566123,56.95000000000027,0.0,328.25
6,88.51982086902032,45.550000000000296,0.0,441.25
6,88.88224113767356,47.2000000000003,0.0,352.5
6,77.67081109225501,24.3000000000002,10.0,325.0
6,78.0211722907662,10.40000000000012,7.5,532.5
6,86.39112871814466,23.65000000000025,0.0,394.5
6,89.56788117912035,51.70000000000031,0.0,271.0
6,63.66740873681297,0.0,22.5,439.0
6,90.71371400591217,62.35000000000027,0.0,256.25
6,87.02402583091089,31.000000000000263,0.0,439.25
6,89.16545505610952,49.3000000000003,0.0,321.25
6,90.86008653194267,65.65000000000029,0.0,306.0
6,89.62979690397283,58.900000000000276,0.0,525.75
6,92.85256974494388,82.75000000000017,0.0,235.5
6,85.12597083392063,32.40000000000022,2.5,366.25
6,84.56975480333378,52.6000000000003,5.0,540.5
6,86.8998065595879,30.100000000000193,0.0,464.75
6,89.95360015109482,56.20000000000031,0.0,291.25
6,89.82395995298228,55.60000000000026,0.0,320.75
6,89.74056566998804,57.10000000000027,0.0,433.0
6,85.70153362482638,21.25000000000025,0.0,626.5
6,81.63024676869425,42.3000000000002,7.5,378.0
6,89.67104293554402,52.75000000000031,0.0,271.5
6,55.7216650040816,36.300000000000196,35.0,657.5
6,89.42274592796437,55.450000000000315,0.0,483.75
6,60.31522929817309,39.10000000000028,30.0,773.75
6,8.273061180254473,10.000000000000071,15.0,250.0
6,67.14995667416447,14.600000000000136,20.0,574.0
6,92.50630519504547,80.80000000000018,0.0,266.0
6,79.84490179928103,53.10000000000019,10.0,706.75
6,89.05199823144164,47.35000000000031,0.0,295.0
6,14.599414535035347,0.2500000000000585,30.0,473.25
6,11.933061180254471,1.6000000000000583,10.0,250.0
6,2.9030611802544666,23.80000000000001,22.5,250.0
6,-1.101938819745528,6.250000000000062,25.0,250.0
6,92.87137162956853,83.20000000000016,0.0,240.75
6,2.8730611802544717,1.0000000000000586,20.0,250.0
6,0.5030611802544684,22.300000000000026,25.0,250.0
6,91.27317484481077,74.50000000000024,0.0,485.0
6,83.55969770523629,18.450000000000195,2.5,435.0
6,5.119109423462622,0.0,17.5,170.25
6,90.40586603091286,61.00000000000029,0.0,306.25
6,2.8880611802544713,1.1500000000000585,20.0,250.0
6,89.60368210347197,58.45000000000026,0.0,536.0
6,12.017602714152526,0.0,10.0,94.0
6,92.95030788368501,83.05000000000015,0.0,214.25
6,0.5330611802544682,22.600000000000023,25.0,250.0
6,2.708061180254469,21.85000000000003,22.5,250.0
6,62.708130313821755,13.550000000000127,25.0,500.25
6,-1.5837635628745148,0.0,25.0,141.0
6,75.82981291918738,30.35000000000012,12.5,424.25
6,85.16821436367022,54.75000000000019,5.0,382.5
6,9.99806118025447,4.750000000000059,12.5,250.0
6,88.30192930982233,40.90000000000029,0.0,333.75
6,22.32231738575983,2.9500000000000575,45.0,584.75
6,0.7591051640953885,0.0,22.5,97.25
6,87.03328993777737,49.800000000000225,2.5,349.5
6,54.16637020857844,0.0,32.5,723.25
6,-1.6041830706280815,0.0,25.0,153.0
6,81.95501112432551,51.550000000000296,7.5,701.25
6,1.5530611802544732,10.300000000000072,22.5,250.0
6,9.908061180254471,3.850000000000057,12.5,250.0
6,3.398061180254472,6.250000000000062,20.0,250.0
6,-1.626819428096253,0.0,25.0,167.5
6,82.21395750396726,6.1500000000001736,2.5,472.0
7,90.36125006902037,62.35000000000029,0.0,360.25
7,88.07965863615624,38.800000000000296,0.0,351.5
7,74.62398189319988,19.100000000000144,12.5,441.5
7,88.52981970899266,42.550000000000296,0.0,308.0
7,92.10489673705642,73.60000000000022,0.0,195.75
7,93.02635692147945,88.30000000000011,0.0,350.0
7,88.7756285339259,45.550000000000296,0.0,329.5
7,88.71026137235103,48.70000000000023,0.0,512.25
7,89.37244772577245,51.85000000000031,0.0,345.0
7,88.42598333606452,42.700000000000294,0.0,345.5
7,70.57008628916974,28.950000000000212,17.5,757.75
7,86.70587328869436,27.850000000000257,0.0,437.75
7,89.1680794275987,53.950000000000315,0.0,515.0
7,89.42450901414199,51.40000000000031,0.0,305.75
7,87.7156957126806,36.10000000000027,0.0,363.5
7,89.94331996920093,55.15000000000031,0.0,265.0
7,76.0493073498648,16.650000000000194,10.0,758.0
7,90.44075799726451,59.05000000000028,0.0,249.5
7,87.43481191771563,31.90000000000026,0.0,319.25
7,89.38241305291153,56.35000000000027,0.0,558.25
7,86.30425663657934,27.250000000000263,0.0,651.0
7,70.2893946108083,18.750000000000185,17.5,346.5
7,72.00181571485629,57.00000000000017,20.0,333.25
7,75.82840735127479,50.100000000000236,15.0,321.25
7,83.15302176042279,18.900000000000198,2.5,675.5
7,79.41607770719236,22.800000000000196,7.5,494.0
7,87.35895943374263,37.00000000000027,0.0,574.0
7,89.29289170934521,53.05000000000031,0.0,422.75
7,89.49656006039407,51.55000000000031,0.0,288.25
7,92.70727806697256,84.25000000000014,0.0,317.0
7,88.5626641756972,43.75000000000027,0.0,354.5
7,13.073061180254474,13.000000000000078,10.0,250.0
7,89.5759022518044,51.400000000000304,0.0,261.25
7,90.12448559518187,58.150000000000325,0.0,300.0
7,11.881527325911932,0.0,10.0,162.0
7,65.94546204744796,23.550000000000196,22.5,504.75
7,88.93460488120516,47.5000000000003,0.0,338.0
7,87.91590271030103,35.35000000000027,0.0,277.75
7,87.63307943941697,35.80000000000028,0.0,397.0
7,12.011689166428054,0.0,10.0,96.25
7,89.74169969678323,54.400000000000304,0.0,301.25
7,11.989341791579404,0.0,10.0,105.25
7,9.664029891468417,0.0,12.5,142.25
7,88.26715435889781,41.05000000000028,0.0,350.0
7,89.89517152731834,55.45000000000031,0.0,286.75
7,89.71942597482669,54.250000000000306,0.0,305.75
7,90.12569744255093,63.55000000000027,0.0,551.25
7,91.81334284398817,74.65000000000023,0.0,294.75
7,72.78324640319781,23.150000000000148,15.0,430.75
7,13.763061180254471,19.90000000000005,10.0,250.0
7,88.85047853295059,48.25000000000022,0.0,420.75
7,90.02250492934039,56.800000000000274,0.0,291.5
7,90.89514018933846,64.15000000000018,0.0,280.25
7,91.02467586919583,67.60000000000024,0.0,336.0
7,85.91138007754867,23.650000000000247,0.0,640.25
7,7.383075318473912,0.0,15.0,161.0
7,89.98412944471788,56.050000000000324,0.0,276.25
7,3.6230611802544725,8.500000000000068,20.0,250.0
7,45.79911457947073,52.90000000000023,47.5,878.25
7,87.66591326823358,40.15000000000029,0.0,622.0
7,89.17371898964863,51.70000000000029,0.0,410.25
7,92.7474740878508,80.80000000000018,0.0,209.75
7,72.53662473724471,47.20000000000029,17.5,711.75
7,88.46020798155456,42.70000000000029,0.0,333.75
7,92.31457510204565,79.6000000000002,0.0,299.5
7,91.94728645230919,78.2500000000002,0.0,384.25
7,88.26604053111713,40.450000000000294,0.0,329.25
7,90.30308850975914,60.10000000000029,0.0,321.0
7,90.50508834628658,67.15000000000028,0.0,525.0
7,89.95830059801199,53.65000000000021,0.0,232.75
7,68.0532926362008,21.050000000000146,20.0,449.5
7,91.0537325413137,65.50000000000028,0.0,245.0
7,0.6165527905166641,0.0,22.5,172.0
7,81.90031615180791,24.150000000000205,5.0,418.0
7,7.3792231621357,0.0,15.0,163.5
7,79.95385639612087,50.8000000000003,10.0,521.25
7,88.01863371871599,38.20000000000029,0.0,337.0
7,-1.4997341404866706,0.0,25.0,100.75
7,20.634852078492283,7.450000000000065,47.5,494.0
7,-1.6253224176350973,0.0,25.0,166.5
7,14.089704457564853,0.0,7.5,191.5
7,89.35057493168628,49.75000000000031,0.0,277.5
7,0.6958484747287839,0.0,22.5,125.25
7,-1.6297868219850988,0.0,25.0,169.5
7,-1.5338912227704347,0.0,25.0,115.5
7,87.90640790529685,38.350000000000286,0.0,398.75
7,56.87804331946661,5.300000000000116,30.0,786.5
7,87.09875956245149,31.150000000000265,0.0,423.25
7,81.17690657795336,18.300000000000196,5.0,486.0
7,20.43137248559234,13.850000000000136,25.0,499.75
7,79.822681354802,24.950000000000152,7.5,387.5
7,0.643782744023653,0.0,22.5,154.25
7,0.35306118025446986,20.80000000000004,25.0,250.0
7,88.56409194824522,45.70000000000026,0.0,421.5
7,9.619844718110325,0.0,12.5,169.75
7,89.87743883135434,55.300000000000324,0.0,286.0
7,56.28088988742328,15.850000000000085,32.5,433.75
7,86.71095851063781,48.30000000000021,2.5,412.75
7,87.96420770680002,40.90000000000029,0.0,464.5
7,78.51688165305107,56.05000000000024,12.5,440.5
8,90.61844843541863,63.100000000000335,0.0,298.25
8,89.58848517847251,52.150000000000304,0.0,278.0
8,90.39506079482196,61.450000000000315,0.0,320.75
8,86.90967107940507,28.300000000000264,0.0,379.25
8,91.49654025377157,70.15000000000029,0.0,249.75
8,91.13505188956239,72.10000000000021,0.0,499.25
8,88.44742394309671,42.85000000000029,0.0,347.5
8,91.59864920942063,72.70000000000022,0.0,305.25
8,88.75541623554594,45.40000000000029,0.0,325.25
8,87.02902241612071,31.000000000000263,0.0,444.5
8,87.93897112936314,45.55000000000029,0.0,752.0
8,84.35785730282188,26.55000000000021,2.5,435.75
8,85.73503979376444,22.450000000000244,0.0,676.5
8,89.1197082000746,47.8000000000003,0.0,288.75
8,88.79403818727033,46.6000000000003,0.0,361.25
8,88.31489956817563,41.95000000000029,0.0,363.0
8,86.0477519392556,26.800000000000253,0.0,773.75
8,84.8761097149804,31.95000000000022,2.5,484.5
8,86.45615735815653,23.950000000000255,0.0,387.5
8,88.00303619015375,42.4000000000003,0.0,541.5
8,14.205513971487349,0.0,7.5,120.5
8,83.71023785588442,18.300000000000196,2.5,364.25
8,73.39384986424476,30.60000000000022,15.0,532.75
8,90.05910763905452,58.00000000000033,0.0,312.25
8,84.33482355949357,30.150000000000215,2.5,627.25
8,80.03745134952491,25.650000000000205,7.5,328.25
8,16.37769876716867,0.0,5.0,164.5
8,81.73364363016731,46.7500000000003,7.5,539.75
8,89.11808159662692,48.85000000000031,0.0,321.0
8,91.90535185175486,74.80000000000024,0.0,273.25
8,84.99814211939332,52.05000000000022,5.0,333.5
8,88.2801662819131,40.750000000000284,0.0,337.5
8,91.14249226335393,67.00000000000028,0.0,273.75
8,89.92606205499337,55.75000000000032,0.0,284.75
8,87.24853273830256,29.350000000000264,0.0,295.5
8,85.3737197417321,18.550000000000242,0.0,667.25
8,89.67386120288316,53.200000000000315,0.0,284.25
8,88.52035540911723,43.60000000000029,0.0,348.25
8,89.49687906121966,51.7000000000003,0.0,295.0
8,90.16272526563844,59.6500000000003,0.0,341.75
8,85.0331745133812,58.000000000000256,5.0,576.75
8,91.86531010456885,75.2500000000002,0.0,317.0
8,9.721579455041942,0.0,12.5,113.0
8,90.41007173063939,63.70000000000029,0.0,390.0
8,89.16922165907195,49.90000000000031,0.0,339.75
8,91.42891594186433,69.70000000000024,0.0,259.75
8,92.4992142271089,79.7500000000002,0.0,257.25
8,80.158858125311,12.800000000000125,5.0,755.75
8,90.0236145152017,56.50000000000033,0.0,277.75
8,84.0429552645764,27.90000000000021,2.5,676.5
8,76.56359215242281,61.45000000000027,15.0,505.0
8,93.08823331686646,86.20000000000013,0.0,254.75
8,12.473061180254472,7.000000000000064,10.0,250.0
8,88.27892593100296,41.6500000000003,0.0,374.0
8,93.0098140943297,85.30000000000013,0.0,251.25
8,91.22676418911152,74.65000000000023,0.0,559.75
8,14.193365832678133,0.0,7.5,126.5
8,90.48189401105292,62.50000000000031,0.0,327.5
8,89.70267713332258,59.50000000000029,0.0,524.75
8,92.85001888146482,81.25000000000017,0.0,196.75
8,0.6239279566158387,0.0,22.5,167.0
8,88.796154867408,45.25000000000029,0.0,325.0
8,14.266276451095102,0.0,7.5,94.5
8,89.51901469928907,53.95000000000031,0.0,369.75
8,88.41530974561924,42.2500000000003,0.0,340.0
8,89.18632335518998,47.800000000000296,0.0,268.75
8,88.45860923065558,43.000000000000284,0.0,348.75
8,85.17751028990529,34.35000000000022,2.5,421.0
8,9.65967438060675,0.0,12.5,144.75
8,9.718282703971454,0.0,12.5,114.5
8,89.24298288294533,51.25000000000023,0.0,441.0
8,89.17863035422012,49.60000000000031,0.0,329.25
8,87.33353513275655,56.650000000000276,2.5,552.75
8,16.419807926437354,0.0,5.0,139.0
8,70.6096548759558,51.10000000000026,20.0,799.0
8,90.08136956340957,59.35000000000026,0.0,366.75
8,81.94468686905019,26.550000000000203,5.0,506.25
8,88.44630019667636,63.400000000000176,2.5,389.25
8,91.91692341258073,72.70000000000024,0.0,226.25
8,-1.603774239792899,0.0,25.0,152.75
8,2.971579455041942,0.0,20.0,113.0
8,-1.4769388197455284,2.5000000000000577,25.0,250.0
8,47.17314834644231,0.0,40.0,924.0
8,5.242930369942325,0.0,17.5,103.75
8,90.94004040025727,68.50000000000027,0.0,374.75
8,4.418061180254474,16.45000000000008,20.0,250.0
8,14.20707485064727,0.0,7.5,119.75
8,-1.6764097737150008,0.0,25.0,204.25
8,62.23358014537547,34.1000000000001,27.5,646.5
8,2.348061180254472,18.250000000000064,22.5,250.0
8,9.143061180254472,18.70000000000006,15.0,250.0
8,49.18067120141402,15.550000000000084,40.0,631.25
8,3.773061180254473,10.000000000000071,20.0,250.0
8,78.64141393955938,33.75000000000022,10.0,320.25
8,-0.9369388197455275,7.900000000000066,25.0,250.0
8,1.4330611802544726,9.100000000000069,22.5,250.0
8,19.799923972884756,6.4000000000000625,25.0,404.5
8,90.2848606604814,60.55000000000025,0.0,340.25
8,89.64518815985974,53.05000000000032,0.0,289.25
8,74.29772854858842,19.65000000000019,12.5,644.5
9,64.76456969718316,38.65000000000028,25.0,763.5
9,89.71038545718575,53.65000000000031,0.0,286.0
9,9.67618349964009,0.0,12.5,135.5
9,90.20889393692562,58.0000000000003,0.0,273.25
9,89.93054812756213,55.30000000000028,0.0,271.75
9,91.66906642265636,73.15000000000023,0.0,301.75
9,89.13821477178806,48.400000000000304,0.0,303.5
9,92.19766587978047,77.50000000000021,0.0,259.5
9,88.4529723288035,42.25000000000029,0.0,335.5
9,86.9019651220534,29.500000000000263,0.0,430.0
9,73.08867998056425,55.15000000000026,17.5,805.25
9,85.00717506717393,31.200000000000216,2.5,357.75
9,78.62970507505072,18.15000000000019,7.5,634.75
9,89.5020189845809,51.850000000000314,0.0,296.5
9,85.95324819663898,21.25000000000024,0.0,483.75
9,88.78059135394159,44.800000000000296,0.0,301.25
9,15.143061180254474,11.200000000000074,7.5,250.0
9,87.95802650008667,38.65000000000026,0.0,403.5
9,88.21357529850748,39.70000000000028,0.0,321.75
9,83.5133462001216,23.1000000000002,2.5,726.25
9,87.52424550642311,31.90000000000026,0.0,292.75
9,90.67030842323729,62.05000000000027,0.0,255.25
9,89.87646794527393,56.650000000000304,0.0,332.5
9,85.5465010483731,22.450000000000244,0.0,816.5
9,14.163152697585998,0.0,7.5,142.75
9,89.12539793140257,50.95000000000031,0.0,403.0
9,89.75625062950795,54.100000000000314,0.0,287.0
9,92.88067295520227,82.00000000000017,0.0,211.5
9,0.5558732519069542,0.0,22.5,219.25
9,88.6921089875708,44.65000000000029,0.0,327.75
9,90.88327077992042,64.00000000000031,0.0,261.75
9,88.37695896435281,42.10000000000029,0.0,345.0
9,87.86713181962892,35.35000000000028,0.0,292.0
9,85.15246781821986,34.65000000000021,2.5,446.25
9,89.55568822383742,52.600000000000314,0.0,302.0
9,3.563061180254472,7.900000000000066,20.0,250.0
9,69.02077685164666,30.600000000000215,20.0,448.0
9,89.3789421392697,52.450000000000315,0.0,360.0
9,58.562248066942686,42.40000000000025,32.5,703.5
9,90.6943989572486,64.75000000000028,0.0,352.25
9,90.32580740228798,63.700000000000294,0.0,422.25
9,90.14586838217244,58.00000000000032,0.0,285.75
9,91.06047988505087,66.2500000000003,0.0,262.25
9,92.31821350761669,77.95000000000022,0.0,247.5
9,85.53350989376835,20.350000000000243,0.0,672.75
9,89.76480438982053,54.40000000000032,0.0,292.0
9,83.50580493634627,42.000000000000234,5.0,508.0
9,73.82772071217995,32.40000000000021,15.0,383.5
9,93.03612156030286,85.45000000000013,0.0,247.75
9,88.90100629179618,46.0000000000003,0.0,299.25
9,91.47018762333374,72.40000000000023,0.0,343.75
9,92.38229235551054,80.20000000000019,0.0,286.0
9,90.9558721293762,65.6500000000003,0.0,275.0
9,88.48478860381547,48.400000000000254,0.0,622.0
9,85.15426287715957,52.650000000000155,5.0,320.5
9,90.84092405213345,62.650000000000254,0.0,237.25
9,89.30871077651636,51.850000000000314,0.0,373.5
9,87.54821380301792,34.45000000000027,0.0,370.5
9,88.60986520618665,44.050000000000296,0.0,336.75
9,87.8218766291711,36.70000000000028,0.0,351.75
9,87.12255699036227,31.300000000000267,0.0,420.75
9,89.27375967291479,53.50000000000025,0.0,474.0
9,90.36416964549225,59.800000000000324,0.0,274.75
9,90.5262226872388,62.3500000000003,0.0,306.0
9,85.1453696998556,56.50000000000027,5.0,482.25
9,90.05596149618793,59.3500000000003,0.0,358.25
9,77.55600793819488,8.900000000000118,7.5,728.5
9,92.50008853028183,77.95000000000022,0.0,203.25
9,89.92900068563515,56.65000000000032,0.0,311.5
9,89.3081045502985,53.65000000000032,0.0,432.25
9,92.17560620614998,76.75000000000023,0.0,263.0
9,89.4620724400043,52.15000000000029,0.0,326.25
9,89.4047330394398,50.05000000000031,0.0,270.5
9,77.07012425147997,25.900000000000265,10.0,730.75
9,-0.681938819745527,10.450000000000072,25.0,250.0
9,91.31067998842039,68.50000000000026,0.0,264.75
9,2.5580611802544704,20.350000000000044,22.5,250.0
9,10.868061180254474,13.45000000000008,12.5,250.0
9,1.3280611802544726,8.050000000000066,22.5,250.0
9,75.86211028969126,30.750000000000213,12.5,405.0
9,90.16560157882424,57.70000000000032,0.0,272.5
9,81.95689942340776,29.700000000000216,5.0,694.0
9,-0.14193881974552558,15.850000000000085,25.0,250.0
9,2.893782744023653,0.0,20.0,154.25
9,80.77262640705044,33.00000000000022,7.5,334.5
9,5.172975389622618,0.0,17.5,137.25
9,64.69335827035314,37.300000000000246,25.0,748.75
9,5.163590909792851,0.0,17.5,142.5
9,0.6007135745283372,0.0,22.5,183.25
9,3.2930611802544716,5.20000000000006,20.0,250.0
9,79.87945307235215,29.25000000000021,7.5,560.25
9,9.56724547487948,0.0,12.5,209.5
9,1.0730611802544718,5.50000000000006,22.5,250.0
9,11.408061180254471,18.85000000000006,12.5,250.0
9,75.45932315534345,69.10000000000014,17.5,400.0
9,91.60224308752929,73.30000000000021,0.0,327.75
9,89.52402343084955,51.40000000000031,0.0,275.0
9,88.53639457072151,43.60000000000029,0.0,350.25
9,89.09080529350305,48.10000000000031,0.0,306.75
9,82.24418960611199,48.00000000000023,7.5,364.75
10,5.108061180254472,0.8500000000000586,17.5,250.0
10,89.86598267661337,55.00000000000032,0.0,280.0
10,86.64720649443338,25.900000000000254,0.0,385.5
10,89.73703367738463,53.50000000000028,0.0,280.0
10,90.7540757238354,65.65000000000026,0.0,356.5
10,89.19843848309472,48.85000000000031,0.0,297.5
10,90.08844149410874,60.55000000000028,0.0,406.75
10,88.94759891471466,47.5000000000003,0.0,333.25
10,16.42757110727275,0.0,5.0,134.75
10,79.7147641916915,29.400000000000176,7.5,658.5
10,82.03261318841818,24.2000000000001,5.0,394.75
10,68.67736163368475,34.45000000000028,20.0,890.75
10,89.06263231445733,48.400000000000304,0.0,324.5
10,88.840565643355,47.650000000000304,0.0,374.75
10,88.84387743414607,45.10000000000029,0.0,289.75
10,80.1793102872425,29.55000000000022,7.5,431.25
10,77.06794466617941,20.250000000000192,10.0,395.5
10,88.05481181954664,41.0500000000002,0.0,462.5
10,66.64785770862794,4.550000000000116,20.0,334.25
10,91.62120427744574,70.30000000000028,0.0,225.25
10,14.14459443304837,0.0,7.5,153.75
10,72.82043501610353,8.000000000000115,12.5,837.25
10,5.753061180254472,7.300000000000065,17.5,250.0
10,90.1331273291926,57.25000000000033,0.0,268.25
10,92.63062941073584,81.70000000000017,0.0,273.5
10,89.01408876579463,46.7500000000003,0.0,288.25
10,90.69045602886618,64.75000000000031,0.0,328.0
10,89.74425396091569,54.400000000000325,0.0,301.25
10,67.5825287913633,15.20000000000013,20.0,389.5
10,84.0436701162557,23.850000000000204,2.5,451.75
10,89.84669969678325,55.45000000000032,0.0,301.25
10,90.04547383410306,56.20000000000026,0.0,277.75
10,89.28762956533936,50.65000000000031,0.0,328.5
10,92.84668207501588,82.45000000000016,0.0,235.25
10,92.53915006611905,80.80000000000017,0.0,258.75
10,91.45251276783607,69.70000000000027,0.0,253.25
10,90.88957098213868,64.60000000000034,0.0,265.0
10,91.45029121376369,70.15000000000018,0.0,288.75
10,85.79514173927265,23.050000000000246,0.0,681.5
10,89.72349881529688,53.65000000000032,0.0,282.0
10,10.733061180254474,12.100000000000076,12.5,250.0
10,37.41272023172357,28.400000000000155,55.0,453.5
10,92.54333628649162,79.7500000000002,0.0,230.25
10,88.46518735486232,42.4000000000003,0.0,340.5
10,92.93274615966244,84.10000000000015,0.0,254.75
10,77.34010541942972,74.05000000000024,15.0,727.75
10,90.51803127214988,62.20000000000033,0.0,302.25
10,83.43989521860141,41.95000000000029,5.0,568.5
10,91.37585008957016,68.65000000000015,0.0,257.0
10,91.2820299594699,67.60000000000028,0.0,246.0
10,88.5637761012748,47.650000000000304,0.0,530.0
10,88.2755495235936,41.500000000000284,0.0,363.0
10,89.17516257207359,49.150000000000304,0.0,316.25
10,88.56577147619855,43.30000000000029,0.0,326.25
10,84.1201957125139,22.650000000000198,2.5,379.25
10,86.57560849619344,28.600000000000247,0.0,548.5
10,89.31096603798701,49.000000000000306,0.0,267.5
10,92.21094017848343,75.85000000000022,0.0,220.75
10,83.38424660182773,59.50000000000026,7.5,441.75
10,73.23012858716515,49.650000000000226,17.5,419.25
10,65.27760270913325,0.0,20.0,831.25
10,92.61552030986559,81.55000000000018,0.0,267.5
10,21.002206658950904,16.150000000000084,25.0,304.75
10,90.49401461118258,62.20000000000028,0.0,309.75
10,91.98962535616658,77.05000000000021,0.0,314.75
10,90.8181175605889,65.50000000000023,0.0,335.5
10,89.45441028173246,51.850000000000314,0.0,311.0
10,78.03916618497783,33.85000000000028,10.0,606.0
10,91.79018723390382,72.85000000000025,0.0,247.0
10,74.14020231708213,14.650000000000082,12.5,456.25
10,91.26235626923535,67.90000000000029,0.0,255.25
10,87.3900761062761,35.050000000000274,0.0,487.0
10,76.25151261091138,13.050000000000189,10.0,439.0
10,71.25549809549469,32.350000000000264,17.5,567.0
10,84.71092311069926,32.40000000000018,2.5,559.5
10,82.46311626015398,72.10000000000012,10.0,412.75
10,93.09022843482128,86.35000000000014,0.0,263.75
10,89.81718831842406,54.40000000000032,0.0,277.75
10,88.72000610649101,43.60000000000029,0.0,301.75
10,89.8785515571027,55.750000000000306,0.0,300.75
10,88.52384995145238,43.75000000000023,0.0,397.5
10,90.42600291013981,62.20000000000032,0.0,333.0
10,7.388061180254471,1.1500000000000585,15.0,250.0
10,89.05383887068447,48.5500000000003,0.0,334.25
10,-0.9519388197455276,7.750000000000066,25.0,250.0
10,14.097662689208155,0.0,7.5,185.5
10,20.58100027857533,10.750000000000073,25.0,204.0
10,88.73902728391907,45.4000000000003,0.0,333.25
10,-1.6419388197455282,0.8500000000000586,25.0,250.0
10,90.54144214270725,62.650000000000176,0.0,406.25
10,-1.5376506921115698,0.0,25.0,117.25
10,86.47028179277868,25.600000000000257,0.0,442.25
10,89.97311768690902,59.65000000000031,0.0,415.25
10,91.17918179448803,66.10000000000025,0.0,237.25
10,91.42983828622015,67.90000000000029,0.0,219.5
10,67.52359432908395,23.1000000000002,20.0,897.25
10,1.0730611802544718,5.50000000000006,22.5,250.0
10,89.46835361939411,54.550000000000175,0.0,479.75
10,93.37772767141225,88.00000000000011,0.0,227.5
10,16.442872249102205,0.0,5.0,126.75
11,89.69941761702427,52.90000000000031,0.0,269.25
11,87.81503150473276,36.70000000000027,0.0,350.25
11,9.678035359959553,0.0,12.5,134.5
11,80.07103317382855,73.15000000000025,12.5,488.25
11,89.71612867539886,53.50000000000031,0.0,280.0
11,90.86865691461207,67.90000000000022,0.0,390.75
11,87.44341049291029,35.20000000000027,0.0,438.5
11,89.5623620227246,59.50000000000031,0.0,626.0
11,16.402859648613592,0.0,5.0,148.75
11,89.4347082000746,50.95000000000031,0.0,288.75
11,16.502759645777534,0.0,5.0,99.75
11,88.38974225533921,41.65000000000028,0.0,327.75
11,16.292281441338456,0.0,5.0,231.5
11,88.09952642429596,37.900000000000276,0.0,297.5
11,18.619844718110325,0.0,2.5,169.75
11,89.19029306564201,51.25000000000031,0.0,400.25
11,77.76263679939872,10.100000000000126,7.5,666.0
11,89.46656006039407,51.25000000000031,0.0,288.25
11,92.32765634357304,80.3500000000002,0.0,312.25
11,89.59589961073186,51.85000000000031,0.0,267.5
11,90.28262376488465,59.20000000000031,0.0,297.25
11,89.53980895695376,52.90000000000031,0.0,317.25
11,86.69994919432455,28.600000000000264,0.0,478.0
11,90.14674937551362,57.25000000000032,0.0,264.75
11,90.98052185944802,65.05000000000028,0.0,252.0
11,88.72790143406681,48.400000000000304,0.0,453.5
11,92.72550719528006,80.80000000000018,0.0,231.0
11,91.65360148709468,74.65000000000023,0.0,341.25
11,90.73049936091641,63.400000000000276,0.0,274.0
11,87.01114594989045,49.350000000000236,2.5,305.75
11,92.97042839402508,83.95000000000014,0.0,242.5
11,86.91824473364255,33.85000000000027,0.0,654.5
11,90.15094065359513,57.70000000000032,0.0,275.75
11,91.9667873030129,75.55000000000024,0.0,270.25
11,88.85230045302288,46.4500000000003,0.0,330.0
11,91.70500540278934,73.60000000000024,0.0,294.75
11,17.618061180254475,13.45000000000008,5.0,250.0
11,92.36435393820561,76.90000000000022,0.0,207.5
11,76.36787977887028,63.40000000000029,15.0,686.25
11,85.68364752535827,57.15000000000017,5.0,299.0
11,90.90016365370715,65.20000000000029,0.0,284.0
11,89.3731024458641,53.95000000000031,0.0,420.0
11,89.5268733291694,52.600000000000314,0.0,309.75
11,90.04974123669368,57.25000000000032,0.0,292.0
11,14.10276838061662,0.0,7.5,181.75
11,89.37318174211886,48.70000000000023,0.0,282.75
11,18.651184600471137,0.0,2.5,149.75
11,89.24156006039408,49.000000000000306,0.0,288.25
11,89.0575745394233,49.7500000000003,0.0,377.25
11,13.178061180254474,14.05000000000008,10.0,250.0
11,90.89456316222063,66.25000000000027,0.0,310.5
11,91.07200474684997,68.65000000000025,0.0,355.75
11,89.36626496374302,53.50000000000031,0.0,406.25
11,92.984843622675,83.95000000000016,0.0,236.75
11,89.81705519720994,56.95000000000028,0.0,367.25
11,89.67149166701736,52.90000000000031,0.0,276.5
11,74.55162815692681,23.65000000000025,12.5,725.25
11,90.34137531939496,61.90000000000026,0.0,347.5
11,75.8070070210343,29.550000000000217,12.5,384.0
11,89.99449790911436,56.80000000000027,0.0,297.0
11,18.612229916239148,0.0,2.5,175.0
11,84.58174595455128,27.000000000000206,2.5,365.25
11,77.45784467633564,29.55000000000019,10.0,679.0
11,91.0642727089295,72.40000000000026,0.0,490.5
11,90.25577505520553,61.90000000000019,0.0,439.5
11,89.60407430678784,51.55000000000031,0.0,257.75
11,88.67428818515552,44.2000000000003,0.0,329.5
11,89.48083013286825,51.40000000000031,0.0,288.5
11,89.32620035899645,50.80000000000027,0.0,340.75
11,90.11803791632352,58.90000000000029,0.0,324.5
11,89.85982880167899,54.85000000000032,0.0,277.5
11,89.07289699119737,47.3500000000003,0.0,289.25
11,92.34072505195172,79.1500000000002,0.0,276.0
11,48.20196180446801,6.700000000000063,40.0,666.0
11,90.26225626305015,60.1000000000003,0.0,317.0
11,90.44170447973053,59.800000000000246,0.0,272.25
11,91.92715172041886,72.10000000000026,0.0,201.5
11,89.92381245951435,58.15000000000025,0.0,383.5
11,92.44345225098428,81.10000000000018,0.0,302.0
11,0.6808391276645889,0.0,22.5,133.0
11,-0.036938819745526486,16.900000000000077,25.0,250.0
11,-1.116938819745528,6.100000000000062,25.0,250.0
11,-1.5833199070349226,0.0,25.0,140.75
11,0.2780611802544706,20.050000000000047,25.0,250.0
11,-1.6569388197455284,0.7000000000000586,25.0,250.0
11,89.74656587029791,54.55000000000032,0.0,301.5
11,-0.5769388197455267,11.500000000000075,25.0,250.0
11,21.750994422580842,23.0000000000001,25.0,299.5
11,83.35666447570848,17.400000000000183,2.5,472.75
11,-1.6903931922010138,0.0,25.0,216.0
11,1.598061180254473,10.750000000000073,22.5,250.0
11,86.18618762497049,20.500000000000252,0.0,352.25
11,-0.18693881974552573,15.400000000000084,25.0,250.0
11,11.723061180254469,22.00000000000003,12.5,250.0
11,91.9262082196596,77.50000000000021,0.0,380.5
11,83.74211790559494,42.60000000000024,5.0,430.0
11,91.09619691920146,66.1000000000003,0.0,250.75
11,-1.6264460150320572,0.0,25.0,167.25
11,69.54688492353517,17.90000000000014,17.5,691.0
11,-1.707178017910421,0.0,25.0,231.0
12,89.16293918999096,48.85000000000031,0.0,306.25
12,86.95042640612436,27.40000000000025,0.0,343.0
12,91.90596507329738,76.0000000000002,0.0,307.75
12,89.46129659938197,50.8000000000003,0.0,277.0
12,92.48347371448895,80.95000000000019,0.0,278.25
12,88.87883715904417,45.2500000000003,0.0,283.5
12,88.11787047465549,47.3500000000003,0.0,754.5
12,89.00372940788576,48.400000000000304,0.0,342.5
12,89.57769295213888,52.15000000000031,0.0,281.0
12,9.701909377631281,0.0,12.5,122.25
12,90.40427130727011,59.95000000000026,0.0,279.0
12,75.45257042878093,11.100000000000179,10.0,787.75
12,89.26625457567268,49.750000000000306,0.0,303.25
12,92.70508024497948,82.75000000000017,0.0,274.0
12,89.38567353162263,50.35000000000031,0.0,285.0
12,89.94690355281847,58.30000000000033,0.0,363.0
12,89.48408763789911,52.00000000000031,0.0,304.0
12,81.90773681299247,25.550000000000153,5.0,489.25
12,89.13838708134834,48.55000000000031,0.0,306.0
12,73.19243295235937,28.05000000000021,15.0,464.5
12,89.21353893285655,50.9500000000003,0.0,360.25
12,92.00432616493079,74.35000000000025,0.0,236.5
12,91.82403904099911,74.80000000000024,0.0,306.0
12,89.52768199318771,51.850000000000314,0.0,288.0
12,67.43166439313349,34.700000000000145,22.5,371.0
12,90.45555675018224,62.65000000000025,0.0,371.75
12,16.374677582364903,0.0,5.0,166.5
12,89.92972961006099,55.30000000000032,0.0,270.5
12,90.74472418435057,65.35000000000032,0.0,329.75
12,89.60648941672854,52.90000000000032,0.0,295.5
12,92.47925016934994,80.50000000000018,0.0,276.25
12,90.24899174634646,60.550000000000324,0.0,333.5
12,89.90593993388512,60.400000000000276,0.0,482.25
12,83.85361784953119,42.30000000000017,5.0,409.0
12,90.45538763863715,59.65000000000028,0.0,251.75
12,89.45208436449366,54.100000000000314,0.0,397.5
12,89.69546170553753,54.250000000000306,0.0,310.5
12,89.50680401357141,51.850000000000314,0.0,293.0
12,86.90539623980919,27.70000000000025,0.0,359.75
12,89.06815734813253,48.10000000000031,0.0,314.5
12,88.54515191225147,44.800000000000296,0.0,392.25
12,89.05019992712091,51.55000000000029,0.0,463.75
12,91.32796485784479,68.35000000000026,0.0,261.75
12,91.29665035080112,71.35000000000025,0.0,363.0
12,91.16728805577675,70.30000000000027,0.0,365.25
12,89.16523494673093,50.350000000000264,0.0,357.25
12,89.17291367701108,49.0000000000003,0.0,309.5
12,91.41753884964795,70.60000000000022,0.0,296.5
12,31.326607885607906,0.0,35.0,387.5
12,90.23873888047864,58.30000000000029,0.0,277.25
12,11.92710771511042,0.0,10.0,135.0
12,9.549123685597916,0.0,12.5,225.25
12,93.20457332602483,86.80000000000013,0.0,244.25
12,90.65632394120686,65.50000000000023,0.0,406.0
12,89.86455314321867,54.40000000000032,0.0,264.0
12,84.80017851456785,30.000000000000213,2.5,400.25
12,89.51487267582897,51.5500000000003,0.0,283.5
12,78.68308997485651,35.900000000000134,10.0,403.0
12,91.29403186136454,69.10000000000025,0.0,277.25
12,89.52440647862794,52.60000000000031,0.0,313.5
12,88.75356071296221,45.5500000000003,0.0,336.5
12,91.62643712803843,72.85000000000022,0.0,305.5
12,90.80878681759904,65.20000000000027,0.0,318.0
12,89.18952384058544,49.0000000000003,0.0,306.0
12,91.68978922246292,69.10000000000028,0.0,192.5
12,92.46679514019434,78.8500000000002,0.0,238.75
12,92.8182396828579,83.05000000000015,0.0,256.25
12,88.36220452534012,42.25000000000029,0.0,358.25
12,82.66304972116903,30.300000000000207,5.0,357.75
12,84.52692790549209,26.700000000000205,2.5,368.25
12,89.98728364678512,61.45000000000023,0.0,521.0
12,89.105514498301,50.05000000000029,0.0,371.5
12,90.3130921739201,58.15000000000032,0.0,247.75
12,5.124302488521094,0.0,17.5,166.75
12,89.0705442018596,48.10000000000029,0.0,314.25
12,11.918910259404672,0.0,10.0,139.5
12,5.206553474024516,0.0,17.5,120.0
12,2.3030611802544723,17.800000000000068,22.5,250.0
12,90.00323804096159,58.600000000000264,0.0,358.0
12,7.397045433072526,0.0,15.0,152.25
12,7.688061180254472,4.150000000000057,15.0,250.0
12,11.988748671490997,0.0,10.0,105.5
12,-1.4169388197455284,3.1000000000000574,25.0,250.0
12,91.02552401249984,66.40000000000029,0.0,276.25
12,91.64735127769322,76.4500000000002,0.0,428.5
12,89.46987267582898,51.10000000000031,0.0,283.5
12,77.0534728686299,18.900000000000187,10.0,347.0
12,88.49145712328576,41.65000000000029,0.0,297.5
12,89.47583514766082,55.750000000000284,0.0,452.5
12,92.18687805054341,76.15000000000023,0.0,234.0
12,-1.5779337022882287,0.0,25.0,137.75
12,1.5830611802544734,10.600000000000072,22.5,250.0
12,78.87853109765761,38.80000000000028,10.0,475.25
12,7.298061180254468,22.75000000000002,17.5,250.0
12,77.4864875501613,48.55000000000029,12.5,516.0
12,88.35590600929874,41.350000000000286,0.0,324.25
12,7.31546187635101,0.0,15.0,211.0
12,93.24422606492436,85.60000000000014,0.0,204.25
12,7.45551397148735,0.0,15.0,120.5
12,9.70603318247356,0.0,12.5,120.25
13,89.87723731750522,55.30000000000032,0.0,285.5
13,87.85727752005526,37.00000000000028,0.0,348.0
13,90.33714361076073,65.35000000000025,0.0,523.5
13,89.53308820647055,51.25000000000031,0.0,268.5
13,90.9602195435541,67.90000000000023,0.0,364.0
13,85.5029630306037,34.800000000000225,2.5,318.0
13,2.258061180254473,17.350000000000072,22.5,250.0
13,89.55794815839349,52.600000000000314,0.0,303.0
13,88.97163790656887,46.450000000000294,0.0,292.0
13,91.26021688164147,66.40000000000023,0.0,244.0
13,74.545194239019,20.250000000000195,12.5,537.5
13,89.2997082000746,49.60000000000031,0.0,288.75
13,92.00824203505594,78.8500000000002,0.0,374.5
13,89.78749639283281,53.950000000000315,0.0,272.5
13,89.31216091680434,52.30000000000031,0.0,372.5
13,89.13329160991131,49.30000000000031,0.0,330.5
13,88.748858134324,46.15000000000029,0.0,386.25
13,89.39523894166781,51.10000000000031,0.0,305.5
13,90.81626463021647,63.40000000000028,0.0,261.5
13,89.35788346986989,52.3000000000003,0.0,359.5
13,92.95560022625229,81.70000000000017,0.0,190.25
13,92.3875002446165,78.2500000000002,0.0,237.25
13,89.75343676007873,53.50000000000031,0.0,269.5
13,93.15350231887591,84.85000000000014,0.0,224.25
13,89.61002662548916,52.30000000000031,0.0,276.0
13,91.98799893596478,75.55000000000021,0.0,266.25
13,88.99173864106376,47.2000000000003,0.0,310.5
13,92.63127579964484,80.80000000000015,0.0,241.5
13,90.5609727931091,63.250000000000234,0.0,356.5
13,90.6554291376856,65.9500000000003,0.0,385.25
13,85.56564983107725,57.15000000000016,5.0,322.75
13,89.18914019583636,50.35000000000031,0.0,347.75
13,86.69107672266074,55.150000000000325,2.5,757.5
13,89.25293260378271,50.05000000000031,0.0,318.25
13,89.84094092992389,54.40000000000031,0.0,270.25
13,87.20393394617062,31.450000000000262,0.0,387.75
13,89.20927227240222,49.750000000000306,0.0,321.25
13,91.17481262247735,67.45000000000026,0.0,263.0
13,90.73379737639021,63.70000000000032,0.0,282.5
13,91.47204227891322,71.65000000000026,0.0,315.75
13,91.0136234139368,68.80000000000024,0.0,364.25
13,91.482606125077,71.80000000000027,0.0,300.0
13,88.82245965773025,46.00000000000029,0.0,326.0
13,89.46139014979802,51.40000000000031,0.0,295.25
13,91.72893784419193,74.80000000000024,0.0,322.25
13,90.05392273284924,57.70000000000031,0.0,304.75
13,92.23085723889689,78.8500000000002,0.0,296.5
13,91.58770297209179,72.40000000000023,0.0,298.75
13,89.57224493590712,51.700000000000315,0.0,270.75
13,84.79620945127142,29.400000000000215,2.5,388.5
13,89.5152389416678,52.30000000000031,0.0,305.5
13,81.4796701638201,40.95000000000017,7.5,397.0
13,91.21301377294319,69.25000000000023,0.0,349.0
13,89.57460074324327,52.30000000000032,0.0,287.75
13,88.83015748224423,44.800000000000296,0.0,285.25
13,91.99099640409912,75.4000000000002,0.0,268.0
13,90.1095138697269,59.050000000000296,0.0,336.0
13,89.49474415068177,51.25000000000031,0.0,281.25
13,90.40752300738964,58.15000000000028,0.0,227.0
13,87.41696885303382,56.25000000000015,2.5,466.5
13,91.70211905048421,74.50000000000024,0.0,324.25
13,89.95797178742183,56.20000000000032,0.0,288.25
13,23.134739082806338,14.500000000000082,22.5,250.75
13,80.28176331122967,28.50000000000021,7.5,346.75
13,90.96149849352071,71.20000000000022,0.0,502.5
13,91.62009069161182,72.85000000000025,0.0,296.25
13,89.07110152939119,47.650000000000304,0.0,307.75
13,89.88528062745073,55.45000000000032,0.0,289.0
13,15.908061180254471,18.85000000000006,7.5,250.0
13,90.07293851637627,57.400000000000304,0.0,291.25
13,91.47462624646593,74.35000000000022,0.0,404.75
13,88.98895541949786,47.6500000000003,0.0,324.25
13,11.99718320639896,0.0,10.0,102.0
13,86.35774946797311,42.30000000000024,2.5,293.25
13,90.34980612885384,64.15000000000029,0.0,441.0
13,92.00947266178015,74.6500000000002,0.0,236.75
13,88.90855164428918,52.60000000000031,0.0,591.0
13,7.853061180254471,5.800000000000061,15.0,250.0
13,87.50001117150055,33.10000000000027,0.0,340.25
13,92.0935589174552,77.05000000000021,0.0,282.0
13,91.34606376352608,69.5500000000003,0.0,278.25
13,90.80378879194396,65.50000000000026,0.0,327.25
13,89.00239838921735,46.300000000000296,0.0,278.0
13,79.02860937297937,22.900000000000254,7.5,706.0
13,52.09153051352396,20.600000000000144,37.5,523.75
13,91.0981862933472,70.30000000000024,0.0,378.5
13,2.878459802763978,0.0,20.0,164.0
13,80.1616858113466,48.30000000000022,10.0,303.75
13,80.5063949113993,35.80000000000028,7.5,600.0
13,7.4011846004711375,0.0,15.0,149.75
13,0.6380611802544718,1.1500000000000585,22.5,250.0
13,-1.4919388197455283,2.350000000000058,25.0,250.0
13,92.3369483856134,82.90000000000016,0.0,401.5
13,0.3380611802544702,20.65000000000004,25.0,250.0
13,87.68924102182933,33.25000000000027,0.0,281.0
13,2.813061180254472,0.40000000000005853,20.0,250.0
13,90.43247975665177,59.20000000000027,0.0,243.0
13,10.298061180254471,7.750000000000066,12.5,250.0
13,91.7315929410915,72.85000000000025,0.0,267.25
13,88.70647217489332,45.85000000000027,0.0,413.75
14,89.85658489975927,54.550000000000324,0.0,270.0
14,88.17499597236481,40.45000000000029,0.0,357.75
14,91.62993555304624,72.55000000000024,0.0,295.75
14,89.47287247515376,51.10000000000031,0.0,280.75
14,90.42968011247905,64.7500000000003,0.0,439.5
14,83.52930741585972,37.65000000000023,5.0,320.75
14,89.41289082113755,50.50000000000031,0.0,282.75
14,90.17630606231779,57.10000000000032,0.0,253.5
14,91.25014259255502,70.30000000000028,0.0,327.5
14,14.068142068787287,0.0,7.5,208.75
14,89.84341192071355,55.00000000000032,0.0,287.75
14,92.78063792097454,83.65000000000015,0.0,280.75
14,88.9070083203606,46.150000000000304,0.0,307.25
14,90.65167881852385,65.20000000000033,0.0,354.5
14,88.77473570864102,46.300000000000296,0.0,352.25
14,89.39917979789489,53.8000000000003,0.0,412.0
14,89.6270093425637,52.75000000000031,0.0,284.75
14,90.4116033118454,59.65000000000028,0.0,267.0
14,90.28362203107588,61.90000000000032,0.0,367.75
14,91.15865394759393,69.25000000000024,0.0,334.75
14,92.50303388523352,79.90000000000019,0.0,249.25
14,89.75083013286824,54.100000000000314,0.0,288.5
14,92.33005039839038,78.55000000000021,0.0,272.25
14,89.91763708736721,55.60000000000032,0.0,282.75
14,91.460301490653,71.20000000000026,0.0,290.5
14,89.21682450882206,48.85000000000031,0.0,291.5
14,92.85081847633664,83.20000000000016,0.0,254.75
14,90.7314024540124,63.550000000000296,0.0,282.75
14,87.9202937689244,41.35000000000029,0.0,510.5
14,83.87599244571334,62.10000000000012,7.5,311.0
14,89.81629282923649,55.150000000000304,0.0,300.25
14,88.30245777641139,42.40000000000026,0.0,456.75
14,85.60325321620302,37.65000000000023,2.5,373.0
14,88.23467218738465,40.750000000000284,0.0,347.75
14,11.94188799586237,0.0,10.0,127.25
14,89.589710088492,53.350000000000314,0.0,313.75
14,89.47401953896969,54.85000000000031,0.0,429.5
14,69.24267183865338,53.250000000000206,22.5,363.0
14,92.47412229404276,78.7000000000002,0.0,244.0
14,90.31313195949235,62.9500000000003,0.0,400.5
14,91.70734689122746,74.80000000000022,0.0,329.25
14,89.09126911421014,50.050000000000296,0.0,370.5
14,89.0010425527255,48.7000000000003,0.0,354.0
14,90.5588696907785,62.80000000000026,0.0,331.75
14,90.53296532625923,61.45000000000026,0.0,280.25
14,93.16383549522011,86.50000000000013,0.0,257.75
14,93.314640761129,86.80000000000013,0.0,217.25
14,89.64372928918728,52.30000000000031,0.0,267.25
14,86.50079215057202,24.700000000000266,0.0,420.0
14,2.8776987671686705,0.0,20.0,164.5
14,91.98363240646846,75.10000000000021,0.0,262.75
14,91.5984636598909,72.85000000000025,0.0,300.5
14,89.4975955092978,51.25000000000031,0.0,281.0
14,89.43963267379516,51.55000000000031,0.0,304.5
14,92.02631462695241,77.20000000000022,0.0,300.5
14,90.68981380947051,62.6500000000003,0.0,271.0
14,89.7733132456681,53.50000000000028,0.0,269.0
14,90.31289961593144,58.90000000000032,0.0,267.0
14,85.15812124133498,54.60000000000019,5.0,407.0
14,92.40033187373271,80.65000000000018,0.0,299.75
14,90.23215565541462,58.75000000000033,0.0,283.0
14,67.43000719438683,13.550000000000127,20.0,374.5
14,91.36278158633982,71.80000000000021,0.0,388.0
14,89.66095477421135,55.15000000000028,0.0,363.5
14,90.46777581195839,60.550000000000296,0.0,267.0
14,88.38471766170366,41.95000000000029,0.0,333.75
14,90.49343064255297,60.7000000000003,0.0,265.25
14,91.98057767745941,78.55000000000021,0.0,366.75
14,89.61344899555274,52.75000000000031,0.0,289.25
14,76.8488227415661,38.40000000000019,12.5,373.75
14,89.59057459043603,57.1000000000003,0.0,457.25
14,92.09471238851845,76.60000000000022,0.0,276.75
14,86.49019468219859,28.000000000000263,0.0,561.5
14,88.87152943798455,46.7500000000003,0.0,336.0
14,92.84795057359318,82.60000000000016,0.0,233.0
14,91.44538689288618,69.85000000000026,0.0,260.5
14,89.7581413346652,59.2000000000003,0.0,487.0
14,16.43750618943513,0.0,5.0,129.5
14,72.07830770526765,41.65000000000027,17.5,628.75
14,2.8815273259119314,0.0,20.0,162.0
14,73.8929655706548,51.75000000000021,17.5,285.75
14,86.09205026625665,25.600000000000254,0.0,672.25
14,92.5092168344958,83.95000000000016,0.0,389.0
14,18.77094948434814,0.0,2.5,92.75
14,90.0298334355287,56.05000000000032,0.0,265.5
14,92.40378728179479,78.8500000000002,0.0,251.25
14,77.42171400122086,45.30000000000022,12.5,366.0
14,14.318061180254471,2.9500000000000575,7.5,250.0
14,-1.5868473024140026,0.0,25.0,142.75
14,68.1650941508363,20.000000000000142,20.0,345.0
14,89.21648832865017,49.000000000000306,0.0,294.5
14,0.8030611802544714,2.8000000000000576,22.5,250.0
14,73.30693207050297,52.450000000000315,17.5,538.75
14,90.87284465518367,65.05000000000027,0.0,293.0
14,89.80082747353765,53.65000000000032,0.0,264.5
14,0.5933205626877438,0.0,22.5,188.75
14,87.81371365186645,36.400000000000276,0.0,354.25
14,87.54486436465504,33.25000000000027,0.0,324.75
14,92.0301100841373,82.15000000000018,0.0,491.0
14,-1.6413162425088403,0.0,25.0,177.5
15,90.10412332841344,57.550000000000324,0.0,285.25
15,88.96624928997491,47.3500000000003,0.0,323.5
15,9.098061180254472,18.250000000000064,15.0,250.0
15,89.42008367520695,50.35000000000031,0.0,274.5
15,88.93828744621868,50.35000000000027,0.0,469.25
15,87.84023169658899,35.65000000000028,0.0,317.5
15,89.45338708134835,51.70000000000031,0.0,306.0
15,90.06302238751437,56.80000000000031,0.0,278.25
15,88.26568342645707,41.95000000000026,0.0,388.25
15,89.73386120288316,53.800000000000324,0.0,284.25
15,92.99719384337143,84.40000000000015,0.0,233.25
15,89.31102674945102,49.75000000000031,0.0,288.75
15,90.45209117615249,61.30000000000029,0.0,308.0
15,89.34333996225381,50.80000000000031,0.0,310.25
15,88.15464040679156,42.85000000000028,0.0,464.0
15,89.69083013286824,53.50000000000031,0.0,288.5
15,91.4253983505857,68.20000000000024,0.0,226.0
15,87.34390557260508,35.350000000000286,0.0,515.5
15,93.9066256882507,89.95000000000009,0.0,165.0
15,92.67777868530868,81.10000000000018,0.0,235.25
15,89.96343676007874,55.60000000000032,0.0,269.5
15,91.3893329519892,72.10000000000025,0.0,374.5
15,90.40788117912034,60.100000000000335,0.0,271.0
15,92.66945109158293,82.00000000000016,0.0,253.75
15,89.92428445791066,55.75000000000033,0.0,285.5
15,93.95931040435507,92.95000000000007,0.0,207.75
15,33.09080529435296,19.40000000000012,35.0,553.5
15,89.67299562893061,56.950000000000266,0.0,424.0
15,91.02825535386636,65.35000000000025,0.0,250.0
15,90.50238099080866,60.55000000000028,0.0,265.0
15,78.02129653550037,33.15000000000022,10.0,596.0
15,80.97023468656057,36.300000000000225,7.5,382.0
15,89.62066230922564,52.75000000000031,0.0,286.0
15,89.81932935673503,54.700000000000315,0.0,285.75
15,86.41880906047189,27.850000000000264,0.0,609.5
15,92.81845858024096,82.60000000000016,0.0,241.5
15,89.20440586586484,52.75000000000029,0.0,451.25
15,91.60434202641203,72.70000000000026,0.0,294.75
15,88.63279681545929,45.10000000000029,0.0,362.25
15,90.39329180494697,59.65000000000032,0.0,263.0
15,90.07026612495724,56.65000000000024,0.0,278.0
15,90.1419694563688,57.55000000000029,0.0,276.5
15,92.63897801730566,82.60000000000016,0.0,283.25
15,90.39488613878468,63.85000000000027,0.0,404.25
15,89.7319764785465,53.200000000000315,0.0,267.25
15,87.11509915863792,29.50000000000027,0.0,376.5
15,78.46080854941306,34.700000000000124,10.0,460.25
15,90.77658601352799,65.80000000000021,0.0,386.25
15,90.53436785985147,61.300000000000296,0.0,269.25
15,89.4444116608129,51.850000000000314,0.0,313.5
15,89.67509232355219,54.70000000000032,0.0,329.5
15,88.35923617706104,43.000000000000284,0.0,382.5
15,89.81690753292702,54.250000000000284,0.0,277.0
15,91.13330573211395,65.3500000000003,0.0,227.5
15,83.02824837136014,36.900000000000176,5.0,582.5
15,92.72698418509819,81.55000000000018,0.0,234.0
15,7.392973681828851,0.0,15.0,154.75
15,91.9627035873594,78.2500000000002,0.0,381.25
15,83.10074923216496,56.40000000000015,7.5,348.0
15,90.77756240955377,63.400000000000304,0.0,260.75
15,89.4234419732073,51.55000000000031,0.0,311.75
15,90.61256129491005,61.90000000000032,0.0,266.25
15,92.03962538926392,78.10000000000021,0.0,323.25
15,88.74417869005538,45.7000000000003,0.0,339.0
15,88.61287373234852,48.55000000000031,0.0,516.75
15,91.84119929370073,73.45000000000022,0.0,260.75
15,3.0980611802544713,3.2500000000000573,20.0,250.0
15,88.25465115106996,40.90000000000029,0.0,343.75
15,93.88087583234753,90.5500000000001,0.0,176.75
15,92.19038529978847,75.40000000000023,0.0,212.0
15,89.86883964926233,59.20000000000031,0.0,436.75
15,86.92151213728086,31.600000000000264,0.0,525.25
15,92.43710919262215,82.90000000000016,0.0,385.5
15,91.27788438305483,68.05000000000022,0.0,267.75
15,91.6139067023834,73.60000000000025,0.0,319.5
15,88.816341562941,44.9500000000003,0.0,293.5
15,88.74996737446034,47.20000000000027,0.0,409.0
15,88.79900720759716,44.800000000000296,0.0,300.25
15,87.86960137550206,39.250000000000284,0.0,448.75
15,88.20113888103509,40.45000000000029,0.0,348.75
15,92.06183235567028,79.90000000000019,0.0,376.75
15,86.2731679383556,28.30000000000027,0.0,713.75
15,7.462882926020589,0.0,15.0,117.0
15,0.8480611802544713,3.2500000000000573,22.5,250.0
15,2.153061180254474,16.300000000000082,22.5,250.0
15,-1.5958766587210014,0.0,25.0,148.0
15,0.38306118025446967,21.100000000000037,25.0,250.0
15,89.77901146900994,53.95000000000025,0.0,299.75
15,76.00834184817695,13.550000000000127,10.0,585.75
15,86.78475592831246,70.00000000000017,5.0,403.0
15,90.55213658020423,61.60000000000027,0.0,286.0
15,77.35127010395506,24.150000000000205,10.0,460.5
15,89.00275065596847,48.550000000000296,0.0,355.75
15,89.25566413921254,48.5500000000003,0.0,270.25
15,2.8580611802544675,23.350000000000016,22.5,250.0
15,14.240532270019466,0.0,7.5,104.75
15,-1.6319894794056375,0.0,25.0,171.0
15,1.6130611802544732,10.900000000000073,22.5,250.0
15,92.82657488308078,78.7000000000002,0.0,155.0
15,89.44788117912033,50.500000000000306,0.0,271.0
16,90.05718889911144,56.800000000000324,0.0,277.0
16,86.75194608971894,27.250000000000256,0.0,393.75
16,88.84991786692949,45.5500000000003,0.0,304.0
16,87.97227038289356,42.40000000000025,0.0,567.75
16,16.46075525360361,0.0,5.0,118.0
16,89.26682913569415,50.20000000000031,0.0,318.25
16,89.0627604810869,47.20000000000029,0.0,291.0
16,84.56183317495054,48.600000000000236,5.0,348.25
16,89.57855155710271,52.750000000000306,0.0,300.75
16,93.06161501005298,85.75000000000014,0.0,261.75
16,88.98653756570798,46.4500000000003,0.0,289.0
16,90.39342932518534,61.75000000000029,0.0,326.0
16,88.99862111034278,47.8000000000003,0.0,325.5
16,88.92835140076028,48.85000000000025,0.0,402.25
16,90.07503715158333,56.950000000000315,0.0,278.25
16,89.4710428720881,52.15000000000027,0.0,377.25
16,79.96344693929078,28.800000000000217,7.5,508.0
16,93.53631261296866,88.45000000000012,0.0,214.5
16,92.8686591549714,82.45000000000016,0.0,216.5
16,89.47920352942057,52.45000000000031,0.0,320.75
16,90.79902663069328,66.10000000000025,0.0,365.0
16,89.20448970262153,48.85000000000031,0.0,294.0
16,92.25523395927411,77.80000000000021,0.0,261.0
16,11.923431178262996,0.0,10.0,137.0
16,92.59584896157001,80.95000000000017,0.0,256.5
16,90.49266025523897,64.75000000000031,0.0,397.75
16,92.3100065594491,76.00000000000023,0.0,198.5
16,90.96831519777615,64.90000000000032,0.0,251.25
16,88.71806988390846,44.5000000000003,0.0,311.25
16,89.13292215940575,48.400000000000304,0.0,304.75
16,89.26883636351795,49.75000000000031,0.0,302.5
16,89.87387642696117,56.6500000000003,0.0,342.0
16,92.4954615343382,79.45000000000019,0.0,242.5
16,81.91290212918035,27.900000000000208,5.0,626.25
16,91.02136800650287,68.8000000000003,0.0,351.25
16,89.41706936618567,51.85000000000026,0.0,326.0
16,89.7985719363,55.15000000000032,0.0,305.0
16,88.95214272389708,49.0000000000003,0.0,387.75
16,91.12549670341758,67.15000000000023,0.0,272.0
16,93.10109457612249,86.80000000000013,0.0,305.75
16,90.48300300740031,65.80000000000032,0.0,448.0
16,89.88060912504983,54.55000000000031,0.0,263.75
16,88.16149775748488,39.40000000000028,0.0,325.25
16,89.34374093196146,53.20000000000025,0.0,417.5
16,89.77814564817373,54.55000000000032,0.0,294.0
16,89.71508006754738,53.35000000000032,0.0,276.0
16,90.32653726513689,58.15000000000025,0.0,246.25
16,90.25750064606197,62.050000000000296,0.0,384.0
16,91.41753580991448,68.20000000000024,0.0,224.75
16,88.6534839754317,44.6500000000003,0.0,342.25
16,76.84486778913316,23.05000000000024,10.0,745.25
16,91.713606907271,74.20000000000024,0.0,308.5
16,92.27230945351408,80.3500000000002,0.0,329.5
16,90.57376158101343,62.200000000000266,0.0,294.75
16,90.00743787475272,55.75000000000032,0.0,263.0
16,88.69137268484168,45.4000000000003,0.0,347.75
16,90.71930846141268,63.55000000000032,0.0,282.25
16,92.14528516708549,81.55000000000018,0.0,413.0
16,74.01783181434608,34.650000000000226,15.0,402.25
16,87.89685861444624,41.9500000000003,0.0,549.25
16,92.27320761721852,77.20000000000022,0.0,241.25
16,88.73767478847279,44.5000000000003,0.0,304.25
16,90.80318761060306,67.45000000000027,0.0,396.0
16,91.65435030104025,70.45000000000024,0.0,252.0
16,90.18047469128524,61.4500000000003,0.0,416.75
16,86.82965669274552,31.150000000000265,0.0,554.5
16,92.40930008363868,81.85000000000016,0.0,341.75
16,89.97514293367217,56.20000000000029,0.0,288.75
16,91.26607201478407,70.45000000000027,0.0,329.0
16,88.80394714410643,45.550000000000296,0.0,317.0
16,88.56869603908211,45.550000000000296,0.0,401.25
16,89.40526572475419,49.150000000000304,0.0,247.5
16,89.03707893059838,47.050000000000296,0.0,293.25
16,88.11567136900877,39.850000000000286,0.0,358.75
16,92.0667879739932,79.90000000000019,0.0,390.25
16,55.589453978245956,33.35000000000016,35.0,584.5
16,89.3610295000319,51.550000000000274,0.0,332.25
16,91.16850035985927,68.65000000000015,0.0,376.25
16,92.10832044836991,75.40000000000023,0.0,230.5
16,89.24078046573264,50.65000000000031,0.0,341.0
16,89.64381222808574,52.450000000000315,0.0,270.75
16,91.58483299875991,70.45000000000027,0.0,241.75
16,89.03153522102889,47.500000000000306,0.0,306.5
16,7.283061180254467,22.600000000000023,17.5,250.0
16,2.2130611802544733,16.900000000000077,22.5,250.0
16,12.353061180254471,5.800000000000061,10.0,250.0
16,89.08688059343478,49.60000000000029,0.0,365.75
16,92.8619841850982,82.90000000000016,0.0,234.0
16,-1.669585528663583,0.0,25.0,198.75
16,88.56387370912725,47.50000000000027,0.0,535.0
16,72.14152415364599,60.100000000000314,20.0,438.0
16,-1.146938819745528,5.800000000000061,25.0,250.0
16,7.400767586195963,0.0,15.0,150.0
16,-0.8319388197455273,8.950000000000069,25.0,250.0
16,2.61806118025447,20.95000000000004,22.5,250.0
16,14.109742333525856,0.0,7.5,176.75
16,2.8199449612161764,0.0,20.0,207.25
16,90.3026943095213,62.500000000000206,0.0,427.0
16,83.79707182655737,20.550000000000196,2.5,407.5
16,-1.4919388197455283,2.350000000000058,25.0,250.0
17,89.89563192716066,54.700000000000315,0.0,264.0
17,87.71695939724277,35.650000000000276,0.0,354.5
17,88.7924235868601,44.6500000000003,0.0,292.75
17,90.96067746194824,67.90000000000023,0.0,364.75
17,89.47875894882112,51.55000000000032,0.0,293.25
17,89.80514232539394,54.100000000000314,0.0,272.25
17,88.37663385119222,43.90000000000029,0.0,427.5
17,89.60083013286824,52.600000000000314,0.0,288.5
17,91.78459030091304,75.40000000000023,0.0,332.75
17,89.31893085566226,49.60000000000031,0.0,282.5
17,90.59858277036939,62.05000000000031,0.0,284.25
17,87.94522886377268,38.05000000000028,0.0,362.25
17,86.98794574904554,33.70000000000028,0.0,614.75
17,88.92580529350305,46.450000000000294,0.0,306.75
17,89.7775327399278,54.70000000000027,0.0,332.0
17,73.52398064475031,12.100000000000076,12.5,641.25
17,93.74981197819628,89.2000000000001,0.0,181.0
17,92.01496295850897,76.7500000000002,0.0,295.0
17,89.10512503061975,49.00000000000031,0.0,328.75
17,91.87385723913545,75.25000000000023,0.0,291.0
17,89.87740347166755,54.85000000000032,0.0,272.5
17,91.37101191444401,71.35000000000026,0.0,322.25
17,92.38060300020649,80.35000000000018,0.0,301.0
17,88.2573652166191,47.950000000000294,0.0,722.5
17,90.72984610259361,61.7500000000003,0.0,231.75
17,89.69355270586723,53.050000000000296,0.0,281.75
17,88.66133924304529,44.80000000000029,0.0,348.0
17,88.8642591613695,46.300000000000296,0.0,321.0
17,90.07174937551365,56.50000000000032,0.0,264.75
17,90.38278999912376,61.00000000000022,0.0,323.25
17,91.77721932774323,74.35000000000022,0.0,292.25
17,89.05197591469938,50.05000000000031,0.0,391.25
17,92.34687259974156,77.6500000000002,0.0,247.25
17,89.29311806960892,51.55000000000031,0.0,363.25
17,89.91931010398274,55.90000000000032,0.0,291.75
17,90.91218629895369,65.65000000000023,0.0,290.75
17,88.85153947631005,46.150000000000304,0.0,320.5
17,91.5533019513133,74.95000000000024,0.0,383.0
17,91.87971809033756,79.0000000000002,0.0,437.25
17,89.60440264331403,52.00000000000031,0.0,269.25
17,88.20071697295775,38.80000000000028,0.0,293.5
17,89.51943821655871,55.4500000000003,0.0,440.25
17,89.73376967777374,53.95000000000032,0.0,289.75
17,84.55936367376168,28.05000000000021,2.5,418.25
17,91.75563398863878,71.95000000000023,0.0,241.75
17,89.68704496730481,52.450000000000294,0.0,265.5
17,88.62461601044812,44.050000000000296,0.0,331.25
17,90.92883902280789,64.60000000000029,0.0,255.5
17,90.51970396646385,61.15000000000022,0.0,310.25
17,92.43910805150375,80.95000000000019,0.0,305.25
17,92.5405085004754,81.70000000000017,0.0,295.25
17,78.94091306103282,61.00000000000024,12.5,462.0
17,89.89148790389638,55.3000000000003,0.0,281.25
17,88.46832481774894,43.60000000000029,0.0,369.25
17,90.4755373011904,61.15000000000033,0.0,282.0
17,68.98294806427438,57.250000000000256,22.5,681.75
17,88.91373918967082,46.3000000000003,0.0,304.5
17,88.66379305556876,48.2500000000003,0.0,486.75
17,92.03676294326382,74.05000000000024,0.0,214.5
17,88.61960223711893,44.200000000000294,0.0,330.5
17,93.28383053910463,85.75000000000014,0.0,199.5
17,92.50328355153239,77.95000000000022,0.0,207.5
17,92.1789109335149,77.80000000000021,0.0,281.25
17,70.00557694779361,2.150000000000117,15.0,825.75
17,91.31721001721608,74.05000000000024,0.0,445.0
17,89.44811232918235,53.35000000000029,0.0,369.75
17,76.6091741798043,56.70000000000017,15.0,303.0
17,65.12527033751773,35.10000000000022,25.0,380.75
17,89.1291300206211,51.40000000000031,0.0,412.25
17,48.79360767293944,29.150000000000162,42.5,407.25
17,87.59155627740037,34.45000000000027,0.0,361.5
17,89.04527779323251,47.650000000000304,0.0,309.0
17,92.0734273555574,79.45000000000019,0.0,361.0
17,91.2479600775892,66.25000000000024,0.0,235.5
17,88.1045793541113,44.50000000000024,0.0,656.75
17,91.65494907450937,70.30000000000022,0.0,225.75
17,89.25920495391603,49.60000000000025,0.0,310.0
17,90.3337954865503,58.450000000000315,0.0,250.5
17,92.16367397865274,74.50000000000024,0.0,199.5
17,88.84347705270322,45.8500000000003,0.0,312.0
17,2.834536314863672,0.0,20.0,195.5
17,92.32684120266862,79.3000000000002,0.0,276.25
17,89.25285978441289,54.550000000000246,0.0,537.25
17,58.39132447175309,61.30000000000031,35.0,638.75
17,90.9911382578864,68.8000000000002,0.0,392.5
17,87.10108561941652,29.650000000000254,0.0,353.75
17,91.02849198803614,66.85000000000025,0.0,294.0
17,90.26821013062906,58.300000000000324,0.0,260.5
17,0.5516334668549976,0.0,22.5,223.0
17,92.88859420773886,80.20000000000019,0.0,169.75
17,-1.0119388197455277,7.150000000000064,25.0,250.0
17,0.613662584916395,0.0,22.5,174.0
17,-1.6074298695097844,0.0,25.0,155.0
17,91.56788228541669,71.3500000000002,0.0,291.0
17,85.27580224289756,37.750000000000284,2.5,565.5
17,25.214947619203148,11.350000000000074,20.0,176.5
17,89.14661687485541,48.7000000000003,0.0,309.5
17,91.1591249082233,70.15000000000029,0.0,350.75
17,69.55515162293304,56.10000000000018,22.5,407.25
17,89.26971771753301,50.0500000000003,0.0,315.0
18,89.76567657901907,54.25000000000032,0.0,287.75
18,18.766276451095102,0.0,2.5,94.5
18,89.17468940581608,48.7000000000003,0.0,297.75
18,91.64445091351283,73.60000000000025,0.0,306.5
18,89.34373410945594,50.80000000000031,0.0,311.5
18,90.17070881359442,57.10000000000031,0.0,255.0
18,90.09814611663597,58.60000000000029,0.0,322.75
18,89.96489751519417,55.450000000000315,0.0,265.25
18,92.03513299669495,77.20000000000022,0.0,305.0
18,88.52871106796758,42.25000000000029,0.0,298.25
18,91.0432393496167,66.10000000000028,0.0,278.25
18,18.54940130916892,0.0,2.5,225.0
18,89.14537515163894,51.85000000000029,0.0,444.75
18,89.20897827254878,48.70000000000031,0.0,289.0
18,90.67148891926696,62.350000000000264,0.0,266.75
18,93.82036741669096,89.9500000000001,0.0,182.0
18,91.61158741314082,73.30000000000025,0.0,327.75
18,89.53942528207673,52.75000000000031,0.0,312.0
18,91.04606251760634,68.65000000000023,0.0,381.75
18,89.5905373011904,52.30000000000032,0.0,282.0
18,92.01138258095602,76.30000000000022,0.0,280.0
18,92.99200998085189,85.15000000000015,0.0,264.25
18,90.91837821984726,69.40000000000029,0.0,419.25
18,90.4055840671757,60.10000000000024,0.0,291.5
18,88.18286676639204,39.850000000000286,0.0,335.0
18,83.51466036969265,38.40000000000023,5.0,345.75
18,88.44594693819278,43.00000000000029,0.0,358.25
18,89.58841192071354,52.45000000000031,0.0,287.75
18,89.78640030026816,56.35000000000028,0.0,364.0
18,76.32750813990646,58.15000000000023,15.0,490.75
18,81.75692440717353,46.650000000000205,7.5,516.0
18,91.09323831323265,69.85000000000028,0.0,365.0
18,89.63643204657664,55.15000000000023,0.0,360.25
18,89.39154190891333,50.650000000000304,0.0,292.5
18,89.59779498717123,54.850000000000286,0.0,361.25
18,90.63994104580415,61.600000000000286,0.0,251.0
18,91.82563119369746,76.15000000000023,0.0,340.0
18,92.11179615161578,75.8500000000002,0.0,255.25
18,89.98149433617046,55.30000000000032,0.0,257.0
18,14.131141820823977,0.0,7.5,162.25
18,89.34350612742458,53.35000000000028,0.0,423.5
18,89.93269456877029,55.450000000000315,0.0,274.75
18,88.07198805121162,39.40000000000029,0.0,377.5
18,90.86512980772845,65.05000000000024,0.0,283.0
18,90.2280641701513,60.10000000000031,0.0,330.5
18,89.86519540979259,54.55000000000028,0.0,276.75
18,89.810460878425,53.50000000000029,0.0,263.25
18,91.5497077216684,70.60000000000021,0.0,271.25
18,92.42015604277209,80.50000000000018,0.0,293.0
18,90.44908457684774,67.60000000000022,0.0,564.75
18,90.7510074715386,64.75000000000024,0.0,316.75
18,89.73671467310926,53.65000000000032,0.0,280.75
18,87.67373662102543,35.95000000000028,0.0,379.25
18,89.64239090152873,53.65000000000029,0.0,318.75
18,89.37534543464493,52.30000000000032,0.0,350.5
18,88.02087190132777,42.550000000000296,0.0,511.5
18,93.01717947601556,84.10000000000015,0.0,222.5
18,88.62692574027722,43.9000000000003,0.0,321.0
18,92.55199319963377,81.10000000000018,0.0,272.25
18,91.44229294155775,69.70000000000026,0.0,257.75
18,91.41545840159255,71.50000000000024,0.0,315.75
18,92.86170921039243,82.15000000000018,0.0,223.0
18,89.53894317241867,53.200000000000294,0.0,329.5
18,88.64059283669461,45.700000000000294,0.0,397.75
18,88.43544821987295,43.75000000000029,0.0,381.75
18,88.79845166778415,45.1000000000003,0.0,304.25
18,92.20512435651487,80.95000000000019,0.0,372.25
18,89.2148007374725,49.150000000000254,0.0,323.0
18,92.12032984565575,77.50000000000017,0.0,313.25
18,91.28071390913502,67.45000000000023,0.0,254.75
18,84.19525944088389,27.000000000000206,2.5,544.75
18,89.74538458587517,53.65000000000031,0.0,276.0
18,92.11587897371,74.05000000000024,0.0,204.5
18,89.80026378103301,54.55000000000032,0.0,287.25
18,92.13715522720287,78.10000000000021,0.0,311.5
18,79.91264530548341,29.900000000000116,7.5,620.5
18,90.38994195288124,62.800000000000225,0.0,392.75
18,16.49474416266262,0.0,5.0,103.0
18,74.63457909161237,41.1000000000002,15.0,415.0
18,89.9727494919848,56.35000000000031,0.0,288.5
18,92.70817802761388,78.10000000000021,0.0,166.0
18,90.17694890914242,60.25000000000023,0.0,366.0
18,16.407953203412376,0.0,5.0,145.75
18,89.48590785679234,50.80000000000031,0.0,269.0
18,88.18748062781805,43.30000000000025,0.0,476.25
18,89.65254479663577,52.30000000000031,0.0,265.0
18,90.53177473491813,61.45000000000028,0.0,278.0
18,0.42806118025446915,21.550000000000033,25.0,250.0
18,0.6280789953788475,0.0,22.5,164.25
18,-1.4919388197455283,2.350000000000058,25.0,250.0
18,87.61878588763486,40.75000000000029,0.0,655.75
18,91.02913523163373,65.2000000000003,0.0,244.75
18,7.345983703716795,0.0,15.0,186.75
18,92.14854123450411,77.6500000000002,0.0,290.25
18,-1.6569388197455284,0.7000000000000586,25.0,250.0
18,9.593320562687744,0.0,12.5,188.75
18,85.49054679482195,63.400000000000304,5.0,667.5
18,88.83159306952825,45.70000000000028,0.0,324.75
18,89.73329218491847,55.60000000000032,0.0,341.5
18,7.311640520350555,0.0,15.0,214.25
19,89.60641699835067,52.30000000000032,0.0,277.0
19,89.77641730020328,53.950000000000315,0.0,275.5
19,86.42485959799035,28.75000000000024,0.0,665.25
19,89.90343676007873,55.00000000000032,0.0,269.5
19,90.28850567468463,58.450000000000315,0.0,259.75
19,91.5358789997146,70.45000000000026,0.0,247.5
19,89.50810643599215,52.15000000000031,0.0,302.75
19,91.91227548022577,76.90000000000022,0.0,336.5
19,88.25152630028954,40.15000000000028,0.0,323.25
19,91.43835097420167,70.90000000000028,0.0,285.5
19,89.48411524545028,53.80000000000031,0.0,389.25
19,89.31948417477679,50.95000000000031,0.0,324.0
19,90.62438909542269,62.500000000000256,0.0,304.25
19,93.33494815637638,86.65000000000012,0.0,213.25
19,91.12282853246923,70.30000000000027,0.0,384.25
19,90.00675668005363,56.50000000000031,0.0,283.0
19,90.19085803259418,62.05000000000031,0.0,419.25
19,89.33036376387294,50.20000000000031,0.0,299.0
19,92.32858445070062,79.0000000000002,0.0,266.75
19,92.49919781203768,80.65000000000018,0.0,277.75
19,83.67756496712639,67.75000000000026,7.5,608.5
19,92.10809255878952,75.55000000000024,0.0,234.25
19,89.41117602748012,50.65000000000026,0.0,303.5
19,88.50614639880192,42.70000000000029,0.0,329.75
19,89.35840251613857,49.90000000000031,0.0,279.75
19,89.98048643375296,55.90000000000031,0.0,274.75
19,89.43747032287499,52.75000000000027,0.0,355.0
19,91.09893292135415,68.05000000000028,0.0,323.5
19,88.71768100402264,47.05000000000024,0.0,416.75
19,89.09358825359526,48.1000000000003,0.0,306.0
19,89.98593785867735,58.90000000000031,0.0,370.75
19,90.61822254317431,61.90000000000032,0.0,263.5
19,92.45437156594724,80.50000000000018,0.0,289.75
19,92.03033052124812,76.75000000000023,0.0,286.25
19,89.95260740737518,55.15000000000032,0.0,260.75
19,91.57101436441096,71.35000000000022,0.0,270.75
19,90.47128005110295,61.00000000000031,0.0,279.25
19,89.6355550407269,52.450000000000315,0.0,273.0
19,91.93303612320011,74.95000000000023,0.0,269.25
19,89.44566481118686,51.55000000000028,0.0,316.75
19,88.42636946345017,41.20000000000029,0.0,300.0
19,89.53427463864516,52.15000000000027,0.0,301.25
19,91.06839103453517,66.85000000000025,0.0,293.5
19,92.3051060427286,79.45000000000019,0.0,295.25
19,91.15250612964,70.1500000000002,0.0,404.25
19,90.77288336660581,65.3500000000003,0.0,322.5
19,89.54103411359696,51.10000000000031,0.0,262.5
19,87.34630912707061,33.70000000000027,0.0,422.0
19,89.831327191263,54.70000000000032,0.0,281.75
19,89.06470954949037,48.2500000000003,0.0,320.5
19,89.14105351386372,55.75000000000024,0.0,663.0
19,92.53657904783825,78.55000000000021,0.0,204.75
19,88.58022370970951,43.00000000000029,0.0,306.75
19,90.65601056627081,66.85000000000028,0.0,421.5
19,89.1223471520569,51.10000000000022,0.0,468.75
19,90.19086377509123,59.80000000000027,0.0,355.5
19,92.34862493359411,78.2500000000002,0.0,251.0
19,91.52049780475215,69.85000000000022,0.0,241.25
19,89.96337980740859,57.55000000000027,0.0,330.5
19,88.03201438372507,36.400000000000276,0.0,273.0
19,88.40183220425767,40.90000000000029,0.0,298.25
19,91.21939254630904,72.55000000000024,0.0,445.75
19,91.10879654485466,67.30000000000025,0.0,276.5
19,90.38677571512285,63.85000000000022,0.0,466.0
19,90.9929599320506,64.15000000000022,0.0,248.0
19,69.77107592541896,38.250000000000234,20.0,464.0
19,88.75006056028812,46.750000000000284,0.0,405.25
19,92.60748293426578,78.2500000000002,0.0,194.0
19,89.66633487158974,53.50000000000031,0.0,295.5
19,92.39917991151769,80.50000000000018,0.0,290.0
19,91.49406279857334,73.75000000000017,0.0,378.0
19,90.12096912359944,58.30000000000027,0.0,328.75
19,92.39550843535656,75.85000000000021,0.0,204.25
19,93.72747979604995,88.15000000000012,0.0,162.5
19,88.70660132500936,43.9000000000003,0.0,297.25
19,89.57224874877176,55.750000000000306,0.0,410.75
19,89.0719876520599,46.7500000000003,0.0,271.25
19,18.65838238806714,0.0,2.5,145.5
19,49.97077707375125,20.750000000000142,40.0,485.5
19,90.30306107001023,58.90000000000028,0.0,280.75
19,92.29534958592949,79.90000000000019,0.0,315.0
19,73.04884741565783,29.850000000000215,15.0,651.0
19,89.58244141273781,51.55000000000024,0.0,271.25
19,88.71285622424548,47.650000000000304,0.0,433.5
19,2.841670391679906,0.0,20.0,190.0
19,89.72268068844392,56.05000000000028,0.0,362.0
19,21.96378339026368,26.450000000000134,25.0,334.0
19,36.71314631164338,9.100000000000069,30.0,400.5
19,82.81700120219864,32.40000000000021,5.0,396.5
19,92.50104000901126,79.0000000000002,0.0,221.5
19,21.318480023994603,21.050000000000146,25.0,378.0
19,5.304814121051917,0.0,17.5,81.0
19,2.093061180254474,15.700000000000085,22.5,250.0
19,-1.7169936022425731,0.0,25.0,240.25
19,92.69454698258845,82.45000000000016,0.0,264.25
19,90.10970209430185,59.050000000000274,0.0,341.75
19,-0.5169388197455265,12.100000000000076,25.0,250.0
19,0.2780611802544706,20.050000000000047,25.0,250.0
19,7.407953203412377,0.0,15.0,145.75
19,89.93217381831806,55.60000000000032,0.0,279.5
20,90.26122917588404,58.300000000000324,0.0,262.5
20,89.62829138232463,52.600000000000314,0.0,279.25
20,88.90174433641423,50.35000000000028,0.0,469.0
20,89.61658489975927,52.150000000000304,0.0,270.0
20,90.73600190154508,62.80000000000031,0.0,256.0
20,89.66986536972658,56.05000000000027,0.0,401.25
20,89.72706686268585,54.85000000000031,0.0,319.5
20,92.19071843081986,77.80000000000021,0.0,280.25
20,89.20980580852152,47.9500000000003,0.0,266.5
20,90.32557763951691,60.40000000000028,0.0,325.25
20,77.67161083569944,29.55000000000021,10.0,551.75
20,89.72071306320262,53.65000000000031,0.0,283.75
20,90.48574763537586,60.700000000000315,0.0,267.0
20,93.90062352327017,89.9500000000001,0.0,172.0
20,91.18551023605036,68.20000000000027,0.0,286.25
20,89.1623516691011,49.3000000000003,0.0,321.25
20,92.27482989694096,79.3000000000002,0.0,303.0
20,89.29633813356222,49.75000000000031,0.0,293.5
20,92.78644364036202,82.00000000000017,0.0,227.0
20,91.76376408222234,76.60000000000022,0.0,368.5
20,88.74954422292817,50.0500000000003,0.0,535.5
20,92.70567522841709,80.50000000000018,0.0,214.25
20,84.10217343944919,43.050000000000225,5.0,314.5
20,16.412278570821314,0.0,5.0,143.25
20,89.20854813832983,49.60000000000031,0.0,318.25
20,89.71796981102496,53.65000000000032,0.0,285.25
20,88.36504878611748,42.85000000000024,0.0,400.25
20,91.44108090828759,71.50000000000026,0.0,341.0
20,90.94422099764142,68.65000000000015,0.0,385.0
20,89.51436785985148,51.10000000000031,0.0,269.25
20,89.21629431464102,50.35000000000031,0.0,337.75
20,90.24404713528888,59.65000000000029,0.0,308.5
20,93.02324265315912,86.20000000000013,0.0,281.75
20,91.8902314113248,77.2000000000002,0.0,371.25
20,89.7202368929828,53.20000000000031,0.0,271.25
20,90.21142414672244,60.55000000000022,0.0,411.5
20,89.870884329298,55.300000000000324,0.0,287.5
20,89.41640596187506,51.55000000000031,0.0,313.5
20,89.8459903550868,55.00000000000031,0.0,287.0
20,90.78002937168401,63.5500000000003,0.0,271.75
20,88.9166408456777,46.300000000000296,0.0,305.25
20,90.14221131047796,56.500000000000306,0.0,255.5
20,89.01819248669595,49.90000000000026,0.0,405.75
20,92.8957625945507,83.20000000000016,0.0,233.25
20,91.00063398527742,69.4000000000002,0.0,434.75
20,84.67844703022085,52.90000000000031,5.0,513.0
20,90.12009580967647,56.2000000000003,0.0,245.25
20,88.89935452579185,47.500000000000306,0.0,348.5
20,91.03640664679551,65.50000000000031,0.0,258.0
20,89.12364061229727,49.900000000000304,0.0,353.5
20,-0.681938819745527,10.450000000000072,25.0,250.0
20,91.57408978182389,71.20000000000024,0.0,262.0
20,88.93642420271591,45.8500000000003,0.0,286.75
20,93.14524258064507,85.45000000000013,0.0,226.5
20,91.2387367465557,69.70000000000027,0.0,308.75
20,90.51185460930745,64.15000000000023,0.0,398.75
20,91.8721272435858,75.40000000000023,0.0,297.75
20,88.82206525584354,47.500000000000284,0.0,388.0
20,88.97956940601412,49.60000000000031,0.0,404.0
20,88.25413143366973,41.05000000000029,0.0,358.25
20,88.66907345541466,43.45000000000029,0.0,292.5
20,92.23683670247718,81.70000000000017,0.0,400.25
20,89.24349604639306,50.35000000000027,0.0,339.0
20,91.42432576397007,73.45000000000024,0.0,385.5
20,90.9021899246822,65.2000000000003,0.0,281.75
20,91.27082149265897,67.90000000000028,0.0,256.5
20,87.60418061550027,37.45000000000029,0.0,505.0
20,89.28838708134835,50.05000000000031,0.0,306.0
20,91.77943702166556,76.00000000000023,0.0,339.75
20,91.77114466812466,74.95000000000019,0.0,325.5
20,89.63154629479207,53.50000000000028,0.0,331.25
20,93.12485307443914,81.55000000000018,0.0,155.5
20,90.87524284421758,64.6000000000002,0.0,307.75
20,89.50378372001244,50.35000000000031,0.0,254.75
20,89.52584677203023,55.00000000000029,0.0,402.75
20,89.05312732919262,46.450000000000294,0.0,268.25
20,91.197440176952,67.00000000000026,0.0,260.25
20,92.37632763327608,80.20000000000019,0.0,296.0
20,89.34791826001647,48.70000000000031,0.0,256.75
20,90.09689191603194,60.10000000000031,0.0,374.25
20,90.0246764947323,61.150000000000276,0.0,495.25
20,14.153280170159338,0.0,7.5,148.5
20,92.76650757796594,84.55000000000015,0.0,299.0
20,91.62109175439677,72.25000000000024,0.0,280.25
20,90.48844835785847,62.200000000000315,0.0,310.75
20,89.9835763964679,56.200000000000315,0.0,282.5
20,11.878078995378848,0.0,10.0,164.25
20,91.80883365645602,76.45000000000022,0.0,352.0
20,88.82158404695272,44.95000000000029,0.0,304.0
20,90.6781441198133,62.8000000000003,0.0,273.0
20,90.03844832512439,56.50000000000031,0.0,276.75
20,-1.1769388197455282,5.50000000000006,25.0,250.0
20,19.928061180254474,14.05000000000008,2.5,250.0
20,-0.5169388197455265,12.100000000000076,25.0,250.0
20,89.34372518635747,53.05000000000028,0.0,459.5
20,0.2630611802544707,19.90000000000005,25.0,250.0
20,89.47528343338607,51.10000000000031,0.0,283.0
20,90.00921130805887,57.55000000000031,0.0,324.5
20,90.10405842896535,56.95000000000032,0.0,268.0
20,2.864022038608802,0.0,20.0,173.75
21,89.85614685667684,54.25000000000033,0.0,262.5
21,59.14169677007569,23.00000000000015,30.0,500.75
21,90.2497463295208,60.850000000000264,0.0,371.25
21,89.46838708134834,51.850000000000314,0.0,306.0
21,89.96040247913848,55.750000000000306,0.0,276.25
21,87.95334949632307,40.000000000000256,0.0,461.75
21,89.4402141023026,52.15000000000031,0.0,323.75
21,91.71229694550661,74.05000000000024,0.0,308.0
21,88.26677071737717,40.750000000000284,0.0,340.0
21,90.01575211805192,58.45000000000033,0.0,342.0
21,89.75156006039408,54.100000000000314,0.0,288.25
21,90.79977055552814,63.400000000000276,0.0,262.0
21,92.27199377841497,79.45000000000019,0.0,328.25
21,92.57139506074516,78.10000000000021,0.0,191.25
21,89.91827091174649,56.05000000000032,0.0,297.5
21,92.23766391001284,78.7000000000002,0.0,288.5
21,89.47420469196771,50.80000000000031,0.0,272.0
21,92.68561686714045,80.95000000000016,0.0,229.5
21,91.23311797839534,70.60000000000026,0.0,349.75
21,90.02933718281281,60.7000000000003,0.0,422.5
21,18.71449064860316,0.0,2.5,116.25
21,88.95487208341065,46.3000000000003,0.0,292.75
21,88.96632748413614,47.650000000000304,0.0,333.75
21,89.54268199318771,52.00000000000031,0.0,288.0
21,86.55207889320276,47.85000000000023,2.5,437.75
21,91.76860632305136,75.25000000000023,0.0,319.25
21,90.97328517341452,67.9000000000002,0.0,354.0
21,89.69207156425601,53.50000000000032,0.0,288.5
21,90.60096379877268,62.80000000000025,0.0,297.75
21,90.85343955733433,65.35000000000029,0.0,296.25
21,93.06632101399596,85.60000000000014,0.0,256.0
21,91.57467250025059,75.40000000000023,0.0,416.25
21,89.9977425104233,56.05000000000032,0.0,273.0
21,91.13368830995961,69.40000000000028,0.0,351.25
21,89.82952787543795,54.85000000000032,0.0,286.5
21,89.5820093425637,52.30000000000032,0.0,284.75
21,91.38627167648463,68.80000000000027,0.0,245.5
21,91.17779395673755,67.00000000000028,0.0,263.75
21,89.97428224215204,55.00000000000026,0.0,253.75
21,89.81436850514214,55.0000000000003,0.0,296.25
21,85.46367324565274,60.400000000000226,5.0,501.25
21,93.01359899336617,84.55000000000015,0.0,236.75
21,89.47377632686923,58.45000000000025,0.0,610.0
21,91.9713682529233,75.40000000000023,0.0,264.0
21,89.98469619261333,55.150000000000304,0.0,253.0
21,76.00308912858482,32.85000000000022,12.5,432.5
21,91.49846350939237,69.40000000000026,0.0,233.25
21,85.50921381753639,37.05000000000023,2.5,429.0
21,91.47906547219031,71.80000000000024,0.0,309.5
21,89.27283533959795,49.900000000000304,0.0,304.75
21,92.71866970609437,81.55000000000018,0.0,235.25
21,91.33363637190345,71.35000000000028,0.0,335.0
21,90.72323940707693,66.40000000000028,0.0,388.5
21,93.0900475858078,82.15000000000018,0.0,168.25
21,89.98281112560083,57.40000000000027,0.0,318.25
21,90.30110834282054,61.000000000000256,0.0,346.75
21,87.00461666340705,27.250000000000263,0.0,308.5
21,86.50225184728001,24.10000000000025,0.0,375.5
21,92.03716555216079,79.45000000000019,0.0,373.25
21,89.37893387865263,51.700000000000294,0.0,337.25
21,91.74286485044657,75.85000000000022,0.0,362.25
21,90.35661210314554,58.300000000000246,0.0,255.0
21,89.83910186876861,56.500000000000284,0.0,339.5
21,93.44758657262939,85.00000000000014,0.0,159.0
21,89.67841192071354,53.350000000000314,0.0,287.75
21,91.15023984403894,70.30000000000028,0.0,364.0
21,89.96243498362018,59.65000000000022,0.0,424.0
21,89.6373070016405,54.70000000000029,0.0,364.75
21,92.54796405703108,77.35000000000022,0.0,179.0
21,90.0757349229766,59.35000000000028,0.0,380.0
21,80.01864609346659,26.550000000000203,7.5,365.25
21,89.8772583908389,58.00000000000033,0.0,375.5
21,89.87612945016177,54.70000000000031,0.0,269.5
21,88.5936030658201,45.55000000000028,0.0,409.25
21,91.67278700390769,74.80000000000024,0.0,346.75
21,90.71904179283428,62.65000000000027,0.0,260.5
21,90.75956399240064,65.05000000000032,0.0,313.75
21,76.31299420805867,59.20000000000029,15.0,508.0
21,91.90472969769164,72.10000000000026,0.0,205.5
21,92.60862154536173,81.10000000000018,0.0,259.5
21,90.54800275503467,62.65000000000031,0.0,306.75
21,89.94658489975927,55.45000000000032,0.0,270.0
21,92.23965704949237,78.2500000000002,0.0,273.0
21,89.0927072318647,47.8000000000003,0.0,305.5
21,90.67716007890152,64.3000000000003,0.0,319.0
21,89.73473303943979,53.35000000000032,0.0,270.5
21,89.54846072024147,54.85000000000028,0.0,434.5
21,88.90982210927578,45.4000000000003,0.0,279.0
21,77.32943644533245,24.80000000000014,10.0,520.25
21,90.09679156355183,56.35000000000031,0.0,255.5
21,0.5377334293416356,0.0,22.5,235.75
21,88.81666474741502,43.60000000000029,0.0,256.25
21,23.752303742682255,18.85000000000006,22.5,215.75
21,5.094648587058966,0.0,17.5,187.75
21,11.92618349964009,0.0,10.0,135.5
21,87.17666078185448,28.750000000000256,0.0,299.5
21,89.15994819202353,47.3500000000003,0.0,264.0
21,35.16688982528632,13.90000000000008,32.5,301.0
21,88.64520766803136,48.70000000000024,0.0,614.5
21,19.898061180254473,13.75000000000008,2.5,250.0
22,90.36281243892196,59.05000000000032,0.0,256.0
22,89.07880804694622,51.100000000000264,0.0,458.25
22,89.28008006754739,49.000000000000306,0.0,276.0
22,90.24965711304392,57.85000000000031,0.0,254.0
22,74.16268588782376,36.950000000000124,15.0,434.75
22,89.00336224198315,47.8000000000003,0.0,324.25
22,91.85618560438131,76.3000000000002,0.0,364.0
22,89.0157697765271,47.0500000000003,0.0,300.5
22,90.95334397365224,64.7500000000003,0.0,255.25
22,89.10945933541157,49.4500000000003,0.0,342.25
22,90.35754789590436,61.450000000000294,0.0,343.0
22,93.63604019601102,89.0500000000001,0.0,200.25
22,91.8751398311214,74.20000000000022,0.0,269.0
22,89.53080718192045,53.350000000000314,0.0,331.75
22,93.41190535917467,87.85000000000011,0.0,221.25
22,89.91139014979802,55.900000000000325,0.0,295.25
22,92.16904249249738,76.6000000000002,0.0,248.25
22,92.33555364032858,79.1500000000002,0.0,279.25
22,89.35460569024309,54.85000000000031,0.0,460.0
22,88.58570872638148,43.600000000000286,0.0,325.5
22,89.43669945696908,51.40000000000031,0.0,302.5
22,89.72260659128706,53.65000000000032,0.0,283.25
22,89.50725869498267,53.500000000000306,0.0,351.25
22,91.21916435644795,69.70000000000027,0.0,325.25
22,89.93662021849238,56.95000000000032,0.0,327.5
22,89.58656006039408,52.450000000000315,0.0,288.25
22,90.45324002706403,62.20000000000029,0.0,345.0
22,90.24519346638287,59.65000000000027,0.0,311.0
22,92.8936356235179,84.70000000000013,0.0,274.75
22,90.3930554835554,63.55000000000019,0.0,440.5
22,89.47223731750522,51.250000000000306,0.0,285.5
22,90.89864068885856,65.80000000000024,0.0,307.0
22,89.7177925139146,53.350000000000314,0.0,275.25
22,89.55386120288316,52.00000000000031,0.0,284.25
22,85.77206330891121,37.95000000000023,2.5,356.0
22,89.86104959549303,56.800000000000324,0.0,339.0
22,90.28114191024463,57.85000000000028,0.0,247.75
22,89.58027539732589,51.700000000000315,0.0,276.75
22,93.44726599174248,85.60000000000014,0.0,178.75
22,92.64806679208235,81.40000000000018,0.0,248.75
22,91.01555931359215,72.4000000000002,0.0,519.75
22,91.30293761282809,68.80000000000024,0.0,269.0
22,89.8463060623178,53.80000000000032,0.0,253.5
22,91.96228729431665,73.30000000000025,0.0,226.5
22,89.2327513090331,49.000000000000306,0.0,290.0
22,86.24307745422072,64.8000000000001,5.0,394.75
22,87.17077659382599,29.65000000000026,0.0,330.75
22,93.01443004481644,83.65000000000015,0.0,214.5
22,89.97114902770213,58.000000000000284,0.0,360.5
22,20.960165843160713,1.4500000000000584,0.0,211.25
22,92.64832353277211,79.7500000000002,0.0,217.0
22,91.71017781747535,70.15000000000029,0.0,201.75
22,89.7448735615399,56.200000000000266,0.0,384.0
22,88.5830903135873,43.300000000000296,0.0,317.0
22,89.37574004456819,50.95000000000031,0.0,304.75
22,91.51347218442432,74.95000000000024,0.0,407.75
22,91.30295794167375,67.90000000000026,0.0,248.25
22,91.85171441871935,74.65000000000023,0.0,280.0
22,91.4648824218495,70.00000000000026,0.0,258.25
22,89.64231067838638,54.70000000000029,0.0,341.0
22,90.97023085920773,65.35000000000022,0.0,309.25
22,89.39740596214648,51.10000000000031,0.0,303.75
22,92.21525677848688,78.4000000000002,0.0,290.5
22,88.63289709814725,48.100000000000215,0.0,528.0
22,89.54712389347918,52.30000000000031,0.0,304.75
22,91.7753727561148,70.45000000000027,0.0,200.25
22,93.39877386399644,83.35000000000016,0.0,139.5
22,91.04022710242936,68.35000000000028,0.0,337.75
22,87.92941931398144,37.90000000000028,0.0,356.25
22,89.63828538665004,53.80000000000031,0.0,318.5
22,92.4227955461846,79.90000000000019,0.0,271.25
22,90.93955767074303,64.30000000000027,0.0,244.75
22,84.306095711288,48.85000000000031,5.0,501.0
22,92.72440942568736,83.35000000000015,0.0,289.75
22,92.82625081532562,84.25000000000014,0.0,278.75
22,90.95982338862824,66.25000000000028,0.0,293.5
22,90.08402567863753,57.100000000000314,0.0,279.0
22,92.73902557068644,81.70000000000017,0.0,235.0
22,89.64328724592114,52.60000000000029,0.0,285.5
22,90.9307870445442,65.35000000000029,0.0,274.5
22,89.37838708134834,50.950000000000315,0.0,306.0
22,89.78829430768401,61.1500000000003,0.0,573.0
22,89.19836807116015,48.8500000000003,0.0,298.25
22,89.9161550994846,55.30000000000032,0.0,274.5
22,88.68671302841183,43.90000000000029,0.0,305.75
22,89.6580719708781,52.30000000000031,0.0,264.0
22,89.08945662511918,47.500000000000306,0.0,291.0
22,91.2413955281175,69.5500000000003,0.0,304.75
22,91.21605459002058,68.35000000000025,0.0,293.0
22,91.37567214566756,68.35000000000029,0.0,236.0
22,76.6508884835634,38.40000000000023,12.5,434.5
22,91.4262920555893,71.95000000000026,0.0,322.25
22,0.5956492555063806,0.0,22.5,187.0
22,91.21944260223732,68.80000000000024,0.0,298.0
22,89.67553831475718,55.75000000000031,0.0,371.5
22,91.4230732584999,70.15000000000029,0.0,272.25
22,89.75270383091686,55.60000000000028,0.0,349.5
22,-0.7569388197455271,9.70000000000007,25.0,250.0
22,73.41229379257604,60.1000000000003,17.5,946.0
22,90.2593239820588,62.800000000000246,0.0,457.25
23,90.15951598238574,58.00000000000033,0.0,282.25
23,92.19392542770879,77.95000000000022,0.0,273.25
23,89.50595783724816,52.00000000000031,0.0,298.25
23,90.18869968091067,57.10000000000029,0.0,250.75
23,89.40768199318771,50.650000000000304,0.0,288.0
23,91.96488170071396,77.35000000000022,0.0,336.5
23,89.43369626169876,51.100000000000314,0.0,292.5
23,90.41061564160972,61.45000000000025,0.0,311.5
23,88.89872940788577,47.35000000000031,0.0,342.5
23,72.4632176846111,42.45000000000023,17.5,484.25
23,93.0425823373414,83.65000000000015,0.0,211.25
23,92.11080228013142,78.7000000000002,0.0,324.75
23,90.10048643375295,57.100000000000314,0.0,274.75
23,90.96631602972062,67.30000000000025,0.0,352.5
23,89.39609822612275,51.55000000000031,0.0,317.0
23,93.33091450959378,86.20000000000013,0.0,208.25
23,93.46967951985626,87.7000000000001,0.0,201.75
23,90.25471517987168,63.55000000000029,0.0,466.0
23,87.94957010020796,38.05000000000028,0.0,358.0
23,89.97875925619212,57.10000000000033,0.0,309.75
23,89.11344481636482,48.85000000000031,0.0,323.0
23,90.81871717474338,64.0000000000003,0.0,274.0
23,85.59129299567023,60.70000000000024,5.0,474.5
23,72.87458005276852,49.450000000000294,17.5,654.5
23,90.05173811559911,56.200000000000315,0.0,266.25
23,90.95863402094592,66.25000000000023,0.0,300.75
23,92.23881293916224,76.90000000000022,0.0,234.5
23,92.98526682203942,84.55000000000015,0.0,242.75
23,89.13844008524914,51.700000000000266,0.0,442.75
23,89.82153771336912,53.80000000000032,0.0,259.75
23,91.04177688031612,67.00000000000023,0.0,308.25
23,89.18230477170974,48.250000000000306,0.0,282.5
23,89.67200934256368,53.200000000000315,0.0,284.75
23,89.90021248419588,56.20000000000025,0.0,324.0
23,89.87871763936006,58.000000000000284,0.0,385.25
23,90.48381299862045,60.10000000000024,0.0,257.75
23,90.56500498233345,60.550000000000274,0.0,248.0
23,90.97247101266731,64.90000000000019,0.0,291.25
23,92.82600613775162,83.05000000000015,0.0,253.0
23,92.5837918197166,83.80000000000015,0.0,335.25
23,17.933061180254473,16.60000000000008,5.0,250.0
23,89.87313682680347,54.85000000000031,0.0,275.0
23,91.11737751833061,64.90000000000023,0.0,232.75
23,89.53887090671455,52.30000000000032,0.0,297.75
23,85.40266156498399,39.00000000000018,2.5,596.75
23,87.84435758259679,36.10000000000028,0.0,320.75
23,92.44008857398653,79.6000000000002,0.0,265.5
23,92.09000204427375,74.80000000000024,0.0,240.75
23,92.38835695189573,79.7500000000002,0.0,278.0
23,90.62337465500184,62.0500000000003,0.0,277.25
23,88.32447754324116,44.05000000000024,0.0,480.5
23,87.21909146864544,29.50000000000027,0.0,310.25
23,21.715803996692852,7.300000000000065,0.0,106.75
23,92.01586214808117,78.55000000000021,0.0,349.5
23,90.04851672736062,55.75000000000027,0.0,259.25
23,92.55242393423791,80.3500000000002,0.0,245.5
23,92.27650155421591,75.70000000000023,0.0,204.75
23,90.802143335396,63.550000000000296,0.0,273.25
23,88.45861411232686,43.900000000000254,0.0,446.0
23,89.32520190685065,49.900000000000304,0.0,288.75
23,92.04896574534038,79.6000000000002,0.0,372.25
23,91.71194954671125,73.90000000000018,0.0,320.0
23,88.40065957296639,42.850000000000286,0.0,398.25
23,92.62845202235812,77.20000000000022,0.0,163.0
23,91.62027497875415,70.75000000000023,0.0,265.5
23,89.89237486106485,58.750000000000284,0.0,406.0
23,89.53255167734092,51.400000000000304,0.0,272.5
23,88.90018465149008,49.0000000000003,0.0,418.25
23,91.31316629044994,72.40000000000026,0.0,377.25
23,89.52957789862695,51.25000000000029,0.0,270.75
23,88.26049940558934,42.100000000000286,0.0,389.0
23,92.38482603834599,81.70000000000017,0.0,335.0
23,91.80549890252684,76.60000000000022,0.0,351.5
23,89.84472838675555,56.800000000000324,0.0,346.25
23,89.52383636351796,52.30000000000031,0.0,302.5
23,92.02066885844657,78.4000000000002,0.0,339.25
23,90.0806253751241,56.20000000000032,0.0,256.0
23,90.9215702921143,65.3500000000003,0.0,278.0
23,89.49583013286825,51.55000000000031,0.0,288.5
23,15.458061180254475,14.350000000000081,7.5,250.0
23,88.92682845498082,46.900000000000304,0.0,320.75
23,90.75678341520917,62.35000000000031,0.0,243.5
23,89.13036369275984,48.5500000000003,0.0,308.75
23,87.01734136445852,29.350000000000257,0.0,373.0
23,89.08562723287652,47.3500000000003,0.0,286.0
23,92.5709430389191,80.50000000000018,0.0,240.25
23,91.67760666451078,72.55000000000027,0.0,267.0
23,21.849444183636216,9.100000000000069,0.0,128.5
23,80.37175244936876,55.300000000000324,10.0,530.0
23,87.64988676901172,59.500000000000234,2.5,506.0
23,88.05920411228512,40.45000000000029,0.0,402.25
23,92.01093708499128,74.65000000000018,0.0,268.5
23,89.46182150275821,52.900000000000276,0.0,350.0
23,91.06781154625587,68.50000000000023,0.0,369.5
23,89.63855155710272,53.350000000000314,0.0,300.75
23,90.6229226657204,61.00000000000029,0.0,245.5
23,19.058061180254473,5.35000000000006,2.5,250.0
23,91.03403442863349,64.75000000000028,0.0,233.5
23,68.73952165455434,28.85000000000013,20.0,542.75
23,0.6209517309892589,0.0,22.5,169.0
24,89.99768838223117,55.750000000000306,0.0,265.0
24,91.28998080682969,70.75000000000028,0.0,327.5
24,88.96831804237462,47.8000000000003,0.0,335.25
24,90.29238895586009,58.60000000000031,0.0,264.0
24,88.91063854510705,47.3500000000003,0.0,338.5
24,92.88487284615047,83.35000000000016,0.0,235.5
24,90.36521631910233,59.80000000000032,0.0,274.5
24,90.61047868388806,62.35000000000029,0.0,291.25
24,89.51523894166782,52.30000000000031,0.0,305.5
24,92.5335232438258,80.95000000000013,0.0,275.75
24,91.7938813166788,75.55000000000024,0.0,327.0
24,89.60341192071355,52.600000000000314,0.0,287.75
24,91.68900783289124,75.10000000000024,0.0,339.5
24,89.02343541270142,47.500000000000306,0.0,308.0
24,92.73720948489941,81.85000000000016,0.0,238.5
24,93.44021955578629,88.9000000000001,0.0,238.75
24,88.21564902735489,44.05000000000029,0.0,490.75
24,88.65449663208736,44.20000000000027,0.0,324.0
24,89.1582340864268,49.150000000000304,0.0,320.5
24,89.30810248982742,49.60000000000031,0.0,286.5
24,18.63230012405435,0.0,2.5,161.5
24,89.37768199318771,50.35000000000031,0.0,288.0
24,89.85412904966607,58.4500000000003,0.0,414.25
24,91.62430419483793,71.80000000000027,0.0,261.75
24,74.94256068578426,66.85000000000022,17.5,477.25
24,92.91154275535098,82.90000000000016,0.0,226.25
24,90.00502202243956,55.45000000000032,0.0,256.0
24,90.3623003408033,61.75000000000027,0.0,347.0
24,90.03451398452489,56.50000000000033,0.0,276.5
24,89.39265715382251,51.10000000000031,0.0,306.25
24,91.50080747541524,69.40000000000023,0.0,232.0
24,75.5762747115401,49.50000000000023,15.0,434.75
24,89.31522254686399,49.6000000000003,0.0,285.0
24,91.9717752419119,74.50000000000024,0.0,240.0
24,87.05326170146456,52.80000000000017,2.5,426.5
24,91.97337905067549,77.6500000000002,0.0,340.5
24,91.85216391329777,78.2500000000002,0.0,446.25
24,89.49862556184392,50.650000000000304,0.0,261.75
24,90.87430431211891,63.5500000000003,0.0,245.75
24,89.6896786618599,53.80000000000032,0.0,297.5
24,87.13250448187664,29.800000000000264,0.0,346.75
24,92.6007213122874,80.05000000000017,0.0,243.0
24,91.87870005967665,72.85000000000024,0.0,232.0
24,92.09099463594032,75.25000000000023,0.0,245.5
24,90.81267617812989,63.40000000000034,0.0,251.75
24,90.63341233880845,63.25000000000024,0.0,321.5
24,91.08362672259366,71.35000000000028,0.0,426.5
24,90.96500104250754,64.90000000000026,0.0,263.5
24,92.57314293865886,79.90000000000019,0.0,233.25
24,93.3044411481745,82.45000000000016,0.0,140.0
24,18.577600182705257,0.0,2.5,201.0
24,91.75660671532387,71.50000000000021,0.0,256.75
24,89.27153522102887,49.900000000000304,0.0,306.5
24,92.13443908932645,78.55000000000021,0.0,315.75
24,90.27621331231003,61.90000000000029,0.0,375.5
24,91.15704464010689,66.10000000000029,0.0,234.75
24,91.97844746433765,72.70000000000026,0.0,204.25
24,92.17193791954253,74.20000000000017,0.0,213.75
24,90.47898854519806,62.35000000000029,0.0,316.5
24,88.17750521427479,39.250000000000284,0.0,325.25
24,89.86155020557129,55.7500000000003,0.0,311.75
24,91.63467309022911,75.10000000000024,0.0,368.0
24,88.84814322448884,45.1000000000003,0.0,289.5
24,88.13679105610197,41.80000000000026,0.0,493.75
24,91.8570547151531,75.40000000000023,0.0,321.75
24,91.66345784013366,74.20000000000023,0.0,327.75
24,90.51112891713555,63.10000000000032,0.0,333.0
24,89.26881152415277,50.35000000000031,0.0,320.75
24,91.95215493835012,76.90000000000022,0.0,315.0
24,88.78627027461124,44.200000000000294,0.0,281.25
24,90.73045441562283,65.05000000000032,0.0,325.5
24,89.45265715382251,51.70000000000031,0.0,306.25
24,89.32907312042073,49.900000000000304,0.0,288.0
24,89.34953407554312,50.500000000000306,0.0,300.25
24,88.6461601269847,44.800000000000296,0.0,345.5
24,88.73615346581227,44.050000000000296,0.0,293.25
24,92.64577494426534,80.65000000000018,0.0,227.5
24,91.37723328099014,70.00000000000028,0.0,286.5
24,91.20181853183198,69.70000000000024,0.0,339.25
24,89.08715342752363,50.50000000000031,0.0,394.5
24,91.73437294522232,73.60000000000025,0.0,284.5
24,90.88682924642403,65.35000000000025,0.0,288.5
24,91.73779645545785,73.75000000000018,0.0,336.0
24,89.36669969678323,50.65000000000031,0.0,301.25
24,91.04485739016125,65.05000000000027,0.0,246.25
24,92.69708568541445,79.90000000000018,0.0,200.5
24,11.138061180254475,16.150000000000084,12.5,250.0
24,-1.6256975114789058,0.0,25.0,166.75
24,-1.5069388197455285,2.200000000000058,25.0,250.0
24,-1.131938819745528,5.9500000000000615,25.0,250.0
24,72.56739638588267,62.8000000000002,20.0,416.25
24,7.823061180254472,5.50000000000006,15.0,250.0
24,18.593061180254473,0.7000000000000586,2.5,250.0
24,89.37641905142704,50.65000000000031,0.0,298.0
24,11.273061180254473,17.50000000000007,12.5,250.0
24,16.446347975394453,0.0,5.0,125.0
24,66.62568284348306,27.30000000000021,22.5,358.0
24,90.27795698966897,58.75000000000031,0.0,270.0
24,89.13163873943057,46.6000000000003,0.0,253.5
24,74.21894448394562,40.80000000000021,15.0,610.5
25,88.00571454525067,38.050000000000296,0.0,353.25
25,89.92941151318942,59.050000000000324,0.0,395.25
25,89.63061080914059,53.05000000000032,0.0,292.75
25,89.95649166701736,55.75000000000031,0.0,276.5
25,89.00338708134835,47.2000000000003,0.0,306.0
25,92.33160821670364,80.20000000000019,0.0,305.75
25,89.72670314978613,53.65000000000032,0.0,281.5
25,91.15425987515229,65.35000000000024,0.0,226.5
25,89.44611266664185,52.00000000000031,0.0,316.75
25,92.46814707373835,78.10000000000016,0.0,265.75
25,91.65800369090323,73.7500000000002,0.0,309.75
25,90.12336313289185,58.15000000000033,0.0,298.0
25,92.99108947921516,84.10000000000016,0.0,237.0
25,89.16131672357582,49.00000000000031,0.0,311.75
25,92.51393430858388,79.7500000000002,0.0,241.75
25,93.46788669946153,88.4500000000001,0.0,220.25
25,86.40050847744708,49.60000000000031,2.5,597.25
25,88.91313577914605,46.900000000000304,0.0,335.25
25,89.17286692366069,47.95000000000031,0.0,276.75
25,89.62803103409148,53.200000000000315,0.0,298.0
25,90.12092753688654,57.10000000000032,0.0,267.5
25,87.95307780707986,40.000000000000284,0.0,433.75
25,91.33434557428943,68.50000000000024,0.0,255.5
25,92.42001346733247,79.45000000000017,0.0,288.75
25,89.63282346520106,51.850000000000314,0.0,258.0
25,89.24537028066793,50.350000000000264,0.0,336.75
25,89.8885967756652,55.450000000000315,0.0,286.75
25,89.82216706367153,54.85000000000032,0.0,289.5
25,91.66908784355354,70.75000000000024,0.0,224.25
25,88.70279958241542,45.40000000000028,0.0,345.25
25,90.11587628777352,55.0000000000003,0.0,222.0
25,91.30271316332002,70.45000000000024,0.0,317.5
25,93.00890401970328,84.55000000000015,0.0,237.75
25,79.47457639772425,69.25000000000023,12.5,570.25
25,90.14363994228194,57.400000000000304,0.0,270.0
25,91.95066450169487,72.85000000000025,0.0,210.5
25,89.9983501377481,56.65000000000033,0.0,290.5
25,88.67629287341316,45.4000000000003,0.0,356.75
25,93.63731834118462,90.7000000000001,0.0,231.5
25,91.83021527544622,73.30000000000025,0.0,254.25
25,92.2753847400715,77.50000000000021,0.0,253.0
25,88.08155292990779,40.000000000000284,0.0,381.0
25,88.77808355804831,47.650000000000304,0.0,411.0
25,92.35829842987363,83.05000000000015,0.0,398.75
25,90.94145168271031,63.2500000000002,0.0,248.5
25,92.25089599878768,77.35000000000021,0.0,246.0
25,90.4120144021948,59.95000000000027,0.0,276.75
25,83.8975721543822,44.85000000000024,5.0,492.75
25,89.63907160602358,52.45000000000031,0.0,272.25
25,91.9536695710627,75.85000000000022,0.0,293.25
25,87.90883496872947,41.800000000000296,0.0,541.5
25,18.625806252453536,0.0,2.5,165.75
25,91.52510371352952,69.10000000000028,0.0,222.75
25,93.21696880200307,81.55000000000018,0.0,139.75
25,90.26473743542006,61.90000000000029,0.0,380.0
25,89.66267192946877,52.30000000000032,0.0,263.75
25,82.42846868790326,31.050000000000225,5.0,500.5
25,91.96063569612902,77.35000000000022,0.0,334.0
25,80.53135602025927,31.050000000000217,7.5,345.25
25,89.88548857197412,57.550000000000324,0.0,381.5
25,92.42490960055966,79.15000000000019,0.0,280.75
25,92.5625655076386,81.70000000000017,0.0,287.0
25,90.48129694455912,61.60000000000027,0.0,308.0
25,89.56883636351796,52.75000000000032,0.0,302.5
25,92.86229825123667,83.35000000000016,0.0,243.0
25,88.63097267342461,41.65000000000029,0.0,255.25
25,91.39169300850699,69.10000000000025,0.0,266.0
25,89.55656006039408,52.15000000000032,0.0,288.25
25,89.0092304471462,47.5000000000003,0.0,314.75
25,89.61502562045165,52.6000000000003,0.0,286.75
25,88.55052803605929,43.45000000000028,0.0,354.5
25,89.03787179533772,47.5000000000003,0.0,305.25
25,18.55816421868365,0.0,2.5,217.25
25,92.37570758742635,78.8500000000002,0.0,254.0
25,90.51616911551582,65.50000000000031,0.0,420.25
25,88.11470566907028,43.30000000000029,0.0,511.5
25,92.42140473578489,79.6000000000002,0.0,257.0
25,90.29820446810342,59.65000000000027,0.0,310.0
25,90.34106023297986,63.40000000000024,0.0,455.5
25,90.1635763964679,58.00000000000033,0.0,282.5
25,90.57191378566971,61.150000000000276,0.0,267.0
25,84.8252228860446,50.40000000000023,5.0,339.0
25,89.45779679021166,52.15000000000032,0.0,319.25
25,90.08537237629582,56.80000000000031,0.0,269.0
25,89.42298544637075,49.900000000000304,0.0,266.0
25,-1.623816388984252,0.0,25.0,165.5
25,-0.5019388197455266,12.250000000000076,25.0,250.0
25,14.207597316877136,0.0,7.5,119.5
25,53.957213010777444,21.85000000000025,35.0,852.25
25,75.96079665283504,53.05000000000028,15.0,432.5
25,7.374302488521094,0.0,15.0,166.75
25,0.2630611802544707,19.90000000000005,25.0,250.0
25,89.19222501748926,48.5500000000003,0.0,297.5
25,84.37957651127553,24.450000000000202,2.5,346.5
25,89.50700934256369,51.55000000000031,0.0,284.75
25,16.42710771511042,0.0,5.0,135.0
25,74.88977571925959,41.850000000000236,15.0,357.0
25,-1.2969388197455285,4.3000000000000576,25.0,250.0
25,-1.5506338792969807,0.0,25.0,123.5
25,10.403061180254472,8.800000000000068,12.5,250.0
26,89.70171282076885,52.75000000000031,0.0,263.5
26,82.26790955946461,53.35000000000029,7.5,628.5
26,89.605263781033,52.60000000000032,0.0,287.25
26,89.61844493166055,52.90000000000031,0.0,290.75
26,89.67942360855369,52.75000000000031,0.0,269.25
26,91.63365838499034,74.65000000000023,0.0,366.5
26,89.69961267005127,53.200000000000315,0.0,276.25
26,90.90797911471046,65.20000000000027,0.0,290.0
26,89.3809697692574,50.80000000000031,0.0,301.5
26,94.04110561519519,90.5500000000001,0.0,154.75
26,92.71376127720484,80.65000000000018,0.0,216.25
26,89.56897827254879,52.30000000000031,0.0,289.0
26,91.67841054131475,73.45000000000024,0.0,310.5
26,89.94658147038047,55.450000000000315,0.0,270.0
26,93.5916428133952,88.75000000000011,0.0,200.75
26,91.70783005130203,74.80000000000022,0.0,329.0
26,90.15230416231174,63.10000000000027,0.0,477.5
26,88.53207494383639,42.250000000000284,0.0,300.0
26,89.22221876368539,49.000000000000306,0.0,294.25
26,89.91843676007875,55.150000000000325,0.0,269.5
26,90.18104244583012,56.200000000000315,0.0,233.0
26,90.22835115498683,61.30000000000028,0.0,378.5
26,91.35263453082462,69.10000000000025,0.0,262.75
26,87.53007888591556,39.10000000000028,0.0,595.75
26,89.43421162246491,50.650000000000304,0.0,279.0
26,89.1831141619066,50.50000000000031,0.0,354.5
26,90.0721902907687,57.25000000000033,0.0,285.25
26,89.69083013286824,53.50000000000032,0.0,288.5
26,92.70582664280738,81.55000000000018,0.0,235.25
26,88.86764222493353,45.40000000000029,0.0,293.0
26,90.66058372855431,62.350000000000314,0.0,275.5
26,90.91754963273365,66.10000000000018,0.0,394.75
26,92.76225848151945,84.10000000000015,0.0,297.75
26,76.25353569727707,33.35000000000013,12.5,381.5
26,90.44665314513016,60.700000000000294,0.0,278.25
26,90.00108331432196,56.05000000000032,0.0,271.5
26,87.86559350072447,37.45000000000029,0.0,367.0
26,91.86960312488247,76.15000000000023,0.0,320.25
26,90.2173522225526,59.800000000000225,0.0,395.0
26,91.4110767447214,72.1000000000002,0.0,359.5
26,91.5200291081702,69.55000000000027,0.0,233.0
26,87.35303926106224,33.70000000000027,0.0,435.5
26,92.00289348136431,79.0000000000002,0.0,374.0
26,90.39446205403611,58.150000000000226,0.0,249.0
26,92.04589011141987,76.75000000000023,0.0,282.75
26,90.92345801061296,65.05000000000022,0.0,280.0
26,93.05156606526589,81.85000000000016,0.0,178.5
26,89.45341192071355,51.10000000000031,0.0,287.75
26,92.17245315424327,77.95000000000022,0.0,282.75
26,92.01928810350769,77.50000000000021,0.0,322.75
26,91.92171580499415,72.40000000000026,0.0,212.5
26,90.81051969398185,63.10000000000025,0.0,280.0
26,89.88265565256722,58.45000000000031,0.0,391.5
26,89.08121972017095,46.7500000000003,0.0,268.75
26,90.45999717333362,62.80000000000027,0.0,360.5
26,91.18665533331591,71.80000000000027,0.0,402.75
26,89.08031483917293,49.150000000000304,0.0,365.25
26,91.39395035160811,73.1500000000002,0.0,388.0
26,92.19413877530914,78.7000000000002,0.0,312.5
26,91.18180798513205,67.6000000000003,0.0,266.0
26,89.60068822383741,53.05000000000032,0.0,302.0
26,92.5030625456279,79.90000000000018,0.0,253.75
26,89.69766723024911,53.50000000000026,0.0,294.25
26,90.33810863272379,61.30000000000029,0.0,332.75
26,89.37948417477678,51.55000000000031,0.0,324.0
26,89.1105550407269,47.2000000000003,0.0,273.0
26,90.08886831727389,57.10000000000032,0.0,282.25
26,90.16215592985915,58.00000000000033,0.0,284.75
26,89.09079017793827,47.2000000000003,0.0,279.25
26,91.36350800970693,69.10000000000025,0.0,262.0
26,92.47438611200894,79.45000000000019,0.0,252.0
26,89.32622774166103,52.90000000000028,0.0,391.75
26,91.92347031354852,75.55000000000021,0.0,302.75
26,91.16210961383486,68.80000000000027,0.0,321.75
26,89.07676564849325,52.60000000000021,0.0,573.5
26,89.54007536597722,52.600000000000314,0.0,307.0
26,88.42240062697306,43.60000000000029,0.0,398.75
26,87.99052127979576,58.80000000000015,2.5,320.0
26,59.299823840653524,24.650000000000155,30.0,502.25
26,90.20674937551362,57.850000000000314,0.0,264.75
26,90.11169291813226,56.65000000000029,0.0,262.0
26,79.88032195726291,8.150000000000116,5.0,626.5
26,88.60559888410594,42.40000000000029,0.0,280.0
26,89.88095610301164,55.30000000000032,0.0,286.5
26,91.28208585349512,66.10000000000026,0.0,209.25
26,-1.6323547095655564,0.0,25.0,171.25
26,92.33683744271627,79.90000000000019,0.0,299.25
26,7.448061180254472,1.7500000000000582,15.0,250.0
26,0.6231805719037471,0.0,22.5,167.5
26,76.25128900769457,13.500000000000181,10.0,471.5
26,-0.39693881974552614,13.300000000000079,25.0,250.0
26,0.5669473233831985,0.0,22.5,209.75
26,89.69474738088701,53.050000000000296,0.0,274.75
26,-1.5992324138040366,0.0,25.0,150.0
26,22.216843924278134,30.50000000000015,25.0,404.25
26,91.2084920554544,68.65000000000026,0.0,293.75
26,68.83596349533428,69.70000000000016,25.0,388.75
26,11.830414471336416,0.0,10.0,198.75
26,89.35608495757346,49.150000000000304,0.0,259.75
26,9.56546187635101,0.0,12.5,211.0
27,87.9474946467452,38.35000000000029,0.0,382.5
27,91.04537001536556,70.45000000000027,0.0,410.0
27,89.34656006039408,50.05000000000031,0.0,288.25
27,89.58016913738336,52.30000000000031,0.0,284.5
27,89.19507536597722,49.15000000000031,0.0,307.0
27,91.5267979296676,74.35000000000025,0.0,369.75
27,90.00335022235998,56.35000000000032,0.0,279.75
27,91.93397140385012,72.40000000000026,0.0,214.5
27,90.29548643375296,59.05000000000032,0.0,274.75
27,92.9057553554134,82.90000000000015,0.0,256.5
27,92.7149847039095,82.00000000000017,0.0,254.75
27,89.89692067735795,55.60000000000033,0.0,289.0
27,74.25174410772146,58.000000000000206,17.5,430.25
27,89.5885967756652,52.45000000000031,0.0,286.75
27,91.98548448980966,74.35000000000025,0.0,237.25
27,92.25546713200346,79.45000000000019,0.0,318.5
27,87.75450304121664,41.950000000000294,0.0,641.75
27,89.45059804016816,51.40000000000031,0.0,297.25
27,89.64856235910466,53.350000000000314,0.0,296.5
27,89.1454034891726,49.30000000000031,0.0,328.0
27,89.95320384001042,55.900000000000325,0.0,281.75
27,91.08556343882832,69.10000000000025,0.0,359.25
27,90.50111231461537,61.150000000000276,0.0,280.25
27,90.60283195827255,65.6500000000003,0.0,402.75
27,89.44495207214588,50.95000000000031,0.0,288.25
27,88.54618361702822,44.35000000000029,0.0,362.25
27,89.43800249547125,50.80000000000031,0.0,282.25
27,89.80171910130676,54.400000000000304,0.0,284.75
27,90.1090693250973,57.850000000000286,0.0,296.5
27,88.90526449439983,46.0000000000003,0.0,301.5
27,89.35980327009977,50.95000000000026,0.0,341.5
27,16.44806118025447,1.7500000000000582,5.0,250.0
27,92.96352112854049,84.10000000000015,0.0,249.0
27,18.668910259404672,0.0,2.5,139.5
27,92.10696059108713,74.50000000000024,0.0,213.0
27,90.16639453515131,57.400000000000325,0.0,263.5
27,88.71947133486418,44.6500000000003,0.0,314.75
27,92.88022534126002,82.30000000000017,0.0,210.75
27,88.39839676187145,44.05000000000024,0.0,498.5
27,91.57823500480485,73.60000000000025,0.0,327.25
27,90.32534387617939,58.15000000000023,0.0,246.0
27,90.27878238109527,61.300000000000296,0.0,352.25
27,91.72185768651596,78.7000000000002,0.0,477.25
27,91.03331406865937,64.90000000000028,0.0,240.5
27,90.60400410836795,65.20000000000026,0.0,395.5
27,91.35389332819408,67.60000000000028,0.0,229.25
27,91.23972298155252,68.35000000000026,0.0,286.0
27,89.34838708134833,50.65000000000031,0.0,306.0
27,91.89273209221957,77.95000000000022,0.0,370.0
27,91.92844258190428,75.70000000000023,0.0,284.5
27,91.37873486124906,66.1000000000003,0.0,189.0
27,91.53003631460048,69.25000000000024,0.0,250.75
27,89.6558374044019,55.60000000000029,0.0,370.25
27,89.21446425999589,48.1000000000003,0.0,269.25
27,89.54527297024691,53.05000000000032,0.0,318.0
27,92.09558194495656,76.90000000000022,0.0,277.0
27,89.52062949746984,51.7000000000003,0.0,284.75
27,92.81803951355111,84.40000000000015,0.0,288.0
27,92.50353849891657,80.20000000000019,0.0,262.5
27,91.1453971585241,67.30000000000031,0.0,267.0
27,90.42989751519417,60.100000000000314,0.0,265.25
27,93.16997337110912,84.85000000000014,0.0,206.0
27,89.29258625933568,50.65000000000031,0.0,322.0
27,91.70789845325595,72.25000000000026,0.0,249.5
27,89.42338708134835,51.40000000000031,0.0,306.0
27,89.2633380008191,48.70000000000031,0.0,272.25
27,89.70567731627075,53.200000000000315,0.0,274.5
27,89.85879224384178,55.90000000000032,0.0,314.5
27,87.5106295665744,32.05000000000027,0.0,299.0
27,92.59703951226491,79.6000000000002,0.0,219.5
27,90.55957916766812,64.30000000000032,0.0,355.25
27,87.05781476083918,32.350000000000264,0.0,481.75
27,92.7653988076428,82.15000000000018,0.0,242.0
27,92.43594162613891,78.55000000000018,0.0,241.5
27,84.06727047694434,47.050000000000225,5.0,592.0
27,90.1343072240575,57.55000000000031,0.0,278.5
27,91.3898466764493,66.10000000000022,0.0,194.25
27,92.10255954451922,75.70000000000023,0.0,238.25
27,90.08352607969005,57.400000000000304,0.0,286.75
27,87.97133809641944,37.00000000000028,0.0,307.75
27,89.08093645265757,46.6000000000003,0.0,266.5
27,9.708120877277915,0.0,12.5,119.25
27,89.01337785557519,48.250000000000306,0.0,336.75
27,90.57855337996453,61.6000000000003,0.0,266.0
27,92.48510604272859,81.25000000000017,0.0,295.25
27,12.012991252704838,0.0,10.0,95.75
27,89.7734233262628,54.40000000000032,0.0,290.75
27,89.14721837481736,50.6500000000003,0.0,384.25
27,88.72420524946995,42.85000000000029,0.0,260.25
27,-1.6223012328313293,0.0,25.0,164.5
27,92.69377401123865,80.65000000000018,0.0,223.0
27,91.25815228085847,67.45000000000029,0.0,251.5
27,5.108061180254472,0.8500000000000586,17.5,250.0
27,-1.6444653394302617,0.0,25.0,179.75
27,92.26362241138061,80.50000000000018,0.0,332.5
27,92.12210187028886,78.10000000000021,0.0,305.75
27,92.77522647613539,81.10000000000018,0.0,211.5
27,90.58997174659659,61.150000000000276,0.0,262.75
27,25.965668385765273,0.8500000000000586,17.5,422.5
27,91.30502327235713,67.75000000000028,0.0,239.0
28,90.75047068134793,62.95000000000034,0.0,256.0
28,80.84381032635949,60.70000000000031,10.0,558.0
28,89.82200934256369,54.700000000000315,0.0,284.75
28,89.54026674757233,51.10000000000031,0.0,262.75
28,89.45156006039407,51.10000000000031,0.0,288.25
28,90.40738282053427,63.550000000000274,0.0,414.0
28,89.44640654907275,50.95000000000031,0.0,285.5
28,91.76830348129747,72.70000000000026,0.0,259.75
28,89.66032195799859,52.90000000000031,0.0,280.0
28,91.94143924486737,76.60000000000021,0.0,359.0
28,91.79306619029369,75.40000000000023,0.0,313.25
28,90.15902567863752,57.85000000000032,0.0,279.0
28,89.24214582469162,49.60000000000031,0.0,305.0
28,93.34360033204136,86.20000000000013,0.0,204.0
28,92.97440170857665,84.55000000000015,0.0,243.5
28,91.0508791462633,68.5000000000003,0.0,334.5
28,89.68537907995477,52.00000000000031,0.0,253.5
28,90.26702328628872,59.05000000000033,0.0,281.0
28,89.3466801182986,50.05000000000031,0.0,288.25
28,89.47850786048055,51.70000000000031,0.0,299.0
28,91.7752251639079,75.4000000000002,0.0,340.0
28,90.88765387526938,64.45000000000027,0.0,266.5
28,18.63806118025447,1.1500000000000585,2.5,250.0
28,89.38832859841187,50.35000000000031,0.0,285.5
28,90.30906624739208,60.10000000000028,0.0,306.25
28,89.16174827997573,48.400000000000304,0.0,296.0
28,89.7170093425637,53.65000000000032,0.0,284.75
28,91.996986247184,76.15000000000023,0.0,280.0
28,90.12743595982022,56.95000000000032,0.0,262.5
28,90.51755517163913,62.20000000000027,0.0,318.5
28,92.55361341148213,82.00000000000017,0.0,302.75
28,91.1949471110523,66.40000000000026,0.0,238.75
28,90.20018951337153,58.150000000000304,0.0,277.0
28,86.44673071739805,23.65000000000025,0.0,374.75
28,91.17716173653812,68.95000000000013,0.0,387.25
28,92.71957526914272,79.45000000000019,0.0,187.5
28,92.13260635300934,76.60000000000022,0.0,257.5
28,89.03886603473526,47.2000000000003,0.0,295.75
28,88.40219061782315,43.90000000000026,0.0,413.5
28,91.88871442825757,81.70000000000016,0.0,564.0
28,90.80388062190603,62.350000000000236,0.0,245.75
28,91.81975152539607,74.20000000000022,0.0,289.5
28,19.028061180254472,5.050000000000059,2.5,250.0
28,90.96975894766005,66.10000000000025,0.0,309.25
28,89.36153522102887,50.80000000000031,0.0,306.5
28,92.11707047493317,77.95000000000022,0.0,304.5
28,92.24785771622099,78.7000000000002,0.0,285.0
28,92.03665327339272,72.10000000000022,0.0,178.75
28,91.79230045288959,72.85000000000025,0.0,255.5
28,90.85102052726963,67.60000000000029,0.0,372.25
28,89.09468833761548,47.650000000000304,0.0,292.75
28,88.73625048153156,46.600000000000264,0.0,425.0
28,92.63657893529559,81.70000000000017,0.0,264.5
28,90.36691621300318,64.6000000000003,0.0,452.25
28,92.67355908724403,79.45000000000019,0.0,206.5
28,92.04172547267959,76.00000000000023,0.0,268.0
28,90.83128684575436,65.65000000000032,0.0,312.25
28,89.13763231445732,49.150000000000304,0.0,324.5
28,92.07413937595074,76.9000000000002,0.0,285.5
28,88.45323596921205,40.750000000000284,0.0,278.75
28,90.30003282087416,61.15000000000032,0.0,339.5
28,89.60068822383744,53.05000000000032,0.0,302.0
28,88.33390309853708,41.65000000000029,0.0,343.75
28,89.98311324825539,55.75000000000032,0.0,268.25
28,88.81409313263295,47.2000000000003,0.0,367.75
28,88.54110963943975,41.80000000000029,0.0,282.0
28,91.58030878949211,70.60000000000025,0.0,250.75
28,92.56241695806719,80.05000000000018,0.0,237.0
28,89.1005958337554,51.25000000000031,0.0,430.25
28,91.6228875979908,72.25000000000026,0.0,275.5
28,92.51586088257551,79.75000000000016,0.0,270.75
28,90.83742196054968,68.05000000000024,0.0,415.75
28,89.57066338447224,53.350000000000314,0.0,320.25
28,89.83161084224972,54.85000000000026,0.0,302.75
28,91.13607350276345,67.00000000000031,0.0,261.5
28,89.76658489975927,53.65000000000032,0.0,270.0
28,88.69154978274763,43.60000000000029,0.0,290.0
28,90.6635933621186,62.50000000000029,0.0,269.0
28,89.19483472453689,49.750000000000306,0.0,325.75
28,89.618192431251,50.350000000000286,0.0,229.75
28,91.85887669336252,76.60000000000022,0.0,345.75
28,39.400412265673715,12.950000000000136,27.5,432.75
28,90.64880464360583,64.30000000000024,0.0,354.25
28,89.68514687016881,52.45000000000031,0.0,260.0
28,91.83930678887494,72.40000000000026,0.0,252.5
28,82.02832347456214,48.4000000000003,7.5,493.5
28,91.81701659836494,76.45000000000022,0.0,355.5
28,91.79668805359321,75.55000000000024,0.0,327.5
28,90.45415440064107,60.25000000000026,0.0,275.25
28,90.50633161702574,60.40000000000031,0.0,256.25
28,89.18236915917433,49.4500000000003,0.0,332.0
28,-0.24693881974552578,14.800000000000082,25.0,250.0
28,88.74101412349881,44.200000000000294,0.0,293.25
28,87.01622659987137,31.900000000000276,0.0,497.25
28,-1.041938819745528,6.850000000000064,25.0,250.0
28,92.22382903867862,78.55000000000021,0.0,298.75
28,89.43490226975744,52.00000000000029,0.0,320.75
28,89.44946315990038,50.65000000000031,0.0,275.0
28,70.54647533064048,45.75000000000014,20.0,549.75
28,90.75985708377726,64.00000000000028,0.0,285.5
29,90.6483815860627,62.050000000000324,0.0,259.0
29,89.18066338447224,49.45000000000031,0.0,320.25
29,89.66679927442279,52.90000000000031,0.0,278.0
29,88.9973516691011,47.650000000000304,0.0,321.25
29,91.70800845237648,73.75000000000026,0.0,296.5
29,89.10094811030925,48.10000000000031,0.0,303.25
29,90.31414974596981,59.35000000000031,0.0,277.25
29,89.22692722629668,49.45000000000031,0.0,306.5
29,92.55910008178914,79.90000000000015,0.0,282.75
29,92.08522661804301,76.45000000000022,0.0,280.25
29,89.7947330394398,53.950000000000315,0.0,270.5
29,90.05158489975926,56.50000000000032,0.0,270.0
29,92.44216071185946,80.50000000000018,0.0,282.0
29,92.76494638544756,80.95000000000019,0.0,210.5
29,91.11930305761777,70.60000000000028,0.0,384.5
29,89.87636154667884,54.25000000000032,0.0,257.25
29,89.40186090723358,50.95000000000031,0.0,299.5
29,89.6875699383832,53.05000000000032,0.0,275.25
29,89.20483988677347,49.30000000000031,0.0,309.25
29,90.97373797226213,67.75000000000028,0.0,349.5
29,89.6406229434595,53.950000000000315,0.0,315.75
29,89.1999442172976,48.10000000000031,0.0,273.25
29,90.0134974884549,58.300000000000296,0.0,347.0
29,89.03834405863353,47.35000000000031,0.0,299.75
29,89.42680979316185,51.10000000000031,0.0,297.25
29,91.85671213826757,73.00000000000026,0.0,237.25
29,89.75038445158262,53.350000000000314,0.0,267.0
29,90.4470407020103,58.90000000000027,0.0,234.25
29,93.20266391513027,85.45000000000013,0.0,210.75
29,92.70388696592838,79.0000000000002,0.0,180.75
29,89.45831585953607,51.10000000000031,0.0,285.75
29,88.24292589795223,40.15000000000029,0.0,322.0
29,91.20567515675408,70.00000000000026,0.0,349.5
29,90.51221284980704,61.30000000000032,0.0,284.25
29,92.54806183253747,79.7500000000002,0.0,237.25
29,90.79982344823287,63.700000000000244,0.0,274.0
29,84.28329076756403,48.000000000000206,5.0,448.5
29,92.33811444802028,83.05000000000015,0.0,420.0
29,91.53510064876781,70.45000000000024,0.0,252.75
29,88.94521125193027,51.250000000000306,0.0,485.0
29,92.84882926561717,79.75000000000018,0.0,175.75
29,88.84416650373376,46.6000000000003,0.0,335.75
29,92.51916649177289,81.70000000000017,0.0,290.25
29,91.36563614810389,70.30000000000021,0.0,298.0
29,90.10408574938141,55.60000000000028,0.0,254.0
29,90.46970656643374,62.05000000000025,0.0,348.25
29,91.23513227455233,71.05000000000027,0.0,356.0
29,88.25774028180484,41.05000000000029,0.0,349.25
29,90.10132818882677,58.75000000000026,0.0,338.5
29,92.85480449108239,83.65000000000015,0.0,261.25
29,89.36072457261132,52.45000000000031,0.0,366.25
29,93.62611442284339,87.55000000000013,0.0,169.75
29,91.43712475516595,72.25000000000026,0.0,342.75
29,91.15656194751924,67.75000000000031,0.0,276.5
29,89.45156006039407,51.10000000000031,0.0,288.25
29,93.07848553251272,84.85000000000014,0.0,224.25
29,89.49483124506017,49.7500000000003,0.0,243.75
29,91.24645638349645,68.3500000000003,0.0,271.5
29,90.14402567863752,57.70000000000032,0.0,279.0
29,88.65062906379657,43.90000000000029,0.0,313.5
29,89.69740690104638,53.05000000000032,0.0,272.5
29,90.18821075724944,57.550000000000324,0.0,262.0
29,24.917678484003105,8.500000000000068,20.0,183.0
29,91.85774630429265,74.05000000000021,0.0,266.25
29,92.09120366086998,76.90000000000022,0.0,283.25
29,21.230649255506385,3.850000000000057,0.0,187.0
29,92.65325098853113,82.15000000000018,0.0,266.0
29,90.14157131543018,59.50000000000024,0.0,357.25
29,91.10489281343995,69.25000000000026,0.0,371.0
29,89.20808159662693,49.750000000000306,0.0,321.0
29,88.95994907282392,47.650000000000304,0.0,343.5
29,91.34529414193929,68.5000000000003,0.0,246.25
29,89.89222423661528,54.850000000000314,0.0,268.5
29,90.59678117061128,61.45000000000028,0.0,257.25
29,88.95783901103678,47.050000000000296,0.0,313.5
29,89.75545535470636,54.40000000000032,0.0,295.5
29,90.62069801162477,60.550000000000296,0.0,238.5
29,92.21411403204807,78.8500000000002,0.0,301.75
29,88.86854672418242,49.60000000000026,0.0,493.5
29,89.38639274579282,49.45000000000031,0.0,259.75
29,92.68487868052756,81.70000000000017,0.0,273.25
29,91.54420008345706,72.85000000000025,0.0,321.0
29,92.55499181165382,82.75000000000017,0.0,312.25
29,92.89251811721397,81.40000000000018,0.0,191.5
29,89.65190562362208,52.90000000000031,0.0,284.25
29,90.23507851047269,59.2000000000003,0.0,304.75
29,89.40088824810525,51.25000000000031,0.0,312.0
29,88.29434980594532,43.000000000000284,0.0,431.25
29,91.72238248401284,76.30000000000022,0.0,411.0
29,16.409674380606752,0.0,5.0,144.75
29,89.5925104373369,51.10000000000031,0.0,249.75
29,91.28176969378484,67.90000000000026,0.0,252.5
29,89.83687851981738,55.60000000000025,0.0,327.0
29,89.74449107920913,53.950000000000294,0.0,288.25
29,92.97924106157973,84.25000000000014,0.0,236.0
29,92.96618654800041,87.25000000000011,0.0,330.5
29,89.84243591878068,58.450000000000315,0.0,405.0
29,-1.660621700341814,0.0,25.0,191.75
29,89.63792674490631,53.350000000000314,0.0,301.75
29,13.883061180254469,21.100000000000037,10.0,250.0
30,90.04994685837013,56.35000000000032,0.0,266.5
30,89.81343676007873,54.100000000000314,0.0,269.5
30,89.33713138074454,49.75000000000031,0.0,281.25
30,89.57341192071354,52.30000000000031,0.0,287.75
30,92.54522024992306,80.80000000000018,0.0,278.75
30,2.96234930788843,0.0,20.0,117.25
30,91.50552285419249,71.20000000000027,0.0,280.5
30,89.0652141023026,48.400000000000304,0.0,323.75
30,90.92670563784768,65.65000000000019,0.0,355.0
30,91.97314228792557,77.80000000000021,0.0,340.25
30,90.30778399480066,59.050000000000324,0.0,271.75
30,89.68878378818633,53.05000000000032,0.0,275.0
30,93.30324263992463,86.20000000000013,0.0,205.0
30,92.15674639523456,77.20000000000022,0.0,269.5
30,88.14778071535233,43.1500000000003,0.0,482.75
30,16.41935869001818,0.0,5.0,139.25
30,89.09145290383285,48.85000000000031,0.0,329.5
30,89.8492906916738,55.00000000000032,0.0,285.5
30,89.83320720087913,53.50000000000031,0.0,251.0
30,90.46602772071643,62.50000000000029,0.0,328.25
30,91.25300109156404,67.4500000000003,0.0,244.0
30,89.48960337861632,50.95000000000031,0.0,272.0
30,89.44181340123023,52.90000000000029,0.0,354.5
30,89.62927959566134,52.75000000000032,0.0,285.0
30,89.81251599953201,54.10000000000032,0.0,269.75
30,91.5540686340095,70.30000000000027,0.0,240.0
30,89.92598054491062,54.8500000000003,0.0,263.0
30,90.24765939443228,58.75000000000027,0.0,278.25
30,91.52823864718415,72.85000000000025,0.0,321.25
30,91.8364675948585,71.95000000000027,0.0,213.75
30,89.79844709930477,53.950000000000315,0.0,269.5
30,83.30974645250639,36.15000000000023,5.0,345.75
30,93.0032111270632,83.65000000000015,0.0,216.75
30,92.13034981661764,73.45000000000024,0.0,189.75
30,91.69798895409917,71.35000000000028,0.0,239.25
30,90.72366880054281,63.850000000000264,0.0,295.0
30,91.48891024161134,77.50000000000021,0.0,552.25
30,92.6384404033887,79.0000000000002,0.0,196.5
30,89.72360498577746,57.850000000000264,0.0,470.5
30,91.16114988726864,66.55000000000018,0.0,295.75
30,89.54523894166782,52.60000000000031,0.0,305.5
30,91.46775800890835,71.35000000000028,0.0,300.25
30,90.90992385551084,67.00000000000026,0.0,335.0
30,92.17422667670712,72.25000000000026,0.0,157.25
30,91.1694593630062,69.85000000000028,0.0,337.0
30,91.1515117791257,69.10000000000024,0.0,318.5
30,89.33284375115979,49.150000000000304,0.0,268.25
30,88.71732503165401,47.5000000000003,0.0,428.5
30,92.23508609885035,78.4000000000002,0.0,286.25
30,88.9513381363952,49.150000000000304,0.0,404.25
30,93.49243963095823,89.2000000000001,0.0,235.0
30,92.14037130289121,79.1500000000002,0.0,334.5
30,90.41763968517864,62.8000000000003,0.0,354.75
30,89.25875424725095,50.35000000000031,0.0,324.25
30,91.89822019033177,75.70000000000023,0.0,306.25
30,89.14407952641427,48.2500000000003,0.0,293.75
30,90.9434437360698,67.45000000000029,0.0,334.25
30,89.37656006039407,50.350000000000314,0.0,288.25
30,89.62139185357111,51.55000000000031,0.0,253.5
30,89.52766412206628,51.700000000000315,0.0,282.75
30,90.35807138648161,60.100000000000335,0.0,292.5
30,90.48181199870959,60.85000000000028,0.0,287.5
30,92.04319009250793,76.45000000000022,0.0,274.5
30,91.7119681926333,74.20000000000024,0.0,312.25
30,28.170122147676047,19.450000000000053,17.5,276.5
30,76.12763239711987,58.9000000000002,15.0,591.0
30,89.47973303943981,50.80000000000031,0.0,270.5
30,21.59901592982821,5.9500000000000615,0.0,99.25
30,91.71168412622866,71.50000000000026,0.0,231.5
30,90.10964437423407,57.25000000000033,0.0,274.75
30,89.18876821333527,48.250000000000306,0.0,280.75
30,89.10787266150255,46.9000000000003,0.0,266.25
30,89.22259813185754,49.30000000000031,0.0,303.0
30,88.9812863531461,45.8500000000003,0.0,275.5
30,92.32183744271629,79.7500000000002,0.0,299.25
30,89.87517684786152,58.600000000000236,0.0,437.0
30,89.08865985912497,46.0000000000003,0.0,247.75
30,92.0631124010703,77.5000000000002,0.0,317.0
30,93.00940433849247,85.60000000000014,0.0,267.0
30,92.8438357412241,83.80000000000015,0.0,265.75
30,90.80865894569467,62.95000000000026,0.0,249.25
30,90.40059746470362,59.65000000000029,0.0,266.75
30,81.36726699386489,41.550000000000196,7.5,474.5
30,90.2437756228789,58.000000000000306,0.0,259.25
30,21.363927956615843,4.900000000000059,0.0,167.0
30,0.6830611802544717,1.6000000000000583,22.5,250.0
30,89.45252628795068,50.500000000000284,0.0,269.75
30,91.28136371587003,68.8000000000003,0.0,275.25
30,93.52966879433569,88.00000000000011,0.0,197.0
30,89.83982650242085,55.4500000000003,0.0,301.25
30,91.48102696266594,72.40000000000026,0.0,318.0
30,70.96679006171753,76.60000000000022,22.5,703.75
30,21.556602311512346,6.550000000000063,0.0,149.5
30,89.12178341720704,49.00000000000031,0.0,326.75
30,89.2708825736854,48.55000000000031,0.0,267.75
30,3.6680611802544725,8.950000000000069,20.0,250.0
30,89.61510233031638,52.75000000000032,0.0,288.75
30,92.65430958611222,81.70000000000017,0.0,253.5
30,71.2572399117395,14.05000000000008,15.0,791.75
30,90.863225296187,67.45000000000027,0.0,389.75
31,89.47230886897317,52.00000000000031,0.0,312.5
31,89.76841192071353,54.25000000000032,0.0,287.75
31,89.48353704161036,50.95000000000031,0.0,275.0
31,89.31493345694639,50.80000000000031,0.0,320.5
31,92.95143807782239,83.65000000000015,0.0,225.0
31,90.54962663202178,62.200000000000266,0.0,312.25
31,89.90672453614843,55.450000000000315,0.0,283.0
31,92.91127484202235,83.95000000000016,0.0,260.75
31,92.78287503934594,83.80000000000015,0.0,291.5
31,90.26782046607036,58.75000000000033,0.0,273.0
31,89.16044089854455,48.5500000000003,0.0,299.75
31,92.73102709247675,80.95000000000013,0.0,242.5
31,91.95516816957505,76.15000000000023,0.0,302.25
31,86.66649613331943,48.450000000000244,2.5,387.5
31,89.45332262169093,51.40000000000031,0.0,296.25
31,89.25588692597309,49.45000000000031,0.0,297.25
31,89.12738478179361,48.5500000000003,0.0,309.5
31,90.58610474728913,62.650000000000254,0.0,317.0
31,91.4752542356191,69.55000000000027,0.0,241.75
31,89.74031332546369,53.05000000000032,0.0,261.25
31,89.56855401558089,54.70000000000032,0.0,372.75
31,89.33786367115147,50.20000000000031,0.0,295.5
31,89.47815250220839,51.850000000000314,0.0,304.5
31,9.646225760207102,0.0,12.5,152.75
31,90.03531476255893,56.50000000000033,0.0,274.75
31,89.14905901120412,47.35000000000028,0.0,273.0
31,92.6875981497417,83.35000000000016,0.0,299.25
31,90.65644851087353,62.9500000000003,0.0,287.0
31,90.19494760001683,57.85000000000033,0.0,267.75
31,92.27103566122098,79.6000000000002,0.0,317.0
31,91.13593482914601,67.00000000000027,0.0,278.75
31,92.45418875382643,77.6500000000002,0.0,206.25
31,91.0806135374715,66.70000000000026,0.0,268.75
31,92.5340148982817,83.05000000000015,0.0,342.5
31,90.89022829599831,63.55000000000028,0.0,239.0
31,92.31266361805852,79.6000000000002,0.0,308.0
31,92.4783411898095,77.35000000000022,0.0,200.25
31,89.67841192071354,53.350000000000314,0.0,287.75
31,92.27389113460461,77.6500000000002,0.0,244.0
31,90.56007525261276,63.10000000000019,0.0,343.5
31,88.6549942857645,43.7500000000003,0.0,310.25
31,91.78573133789516,73.60000000000025,0.0,272.25
31,90.49057150577538,63.250000000000306,0.0,345.25
31,89.14689311144741,47.8000000000003,0.0,280.25
31,90.64913795819095,62.950000000000266,0.0,307.25
31,91.6591167167112,73.75000000000026,0.0,311.75
31,88.41494218169524,46.1500000000003,0.0,494.25
31,92.9691144044186,82.75000000000017,0.0,205.25
31,90.8296320225744,66.70000000000027,0.0,359.5
31,90.51724714156322,62.50000000000029,0.0,317.75
31,89.99217381831807,56.20000000000032,0.0,279.5
31,92.73224308846696,80.95000000000019,0.0,220.5
31,89.01314715671366,48.400000000000304,0.0,364.25
31,90.98903997356261,66.85000000000028,0.0,303.25
31,89.01836224198314,47.9500000000003,0.0,324.25
31,88.7183678454002,44.35000000000029,0.0,306.5
31,89.37310869356737,51.55000000000031,0.0,326.5
31,88.56276036732993,43.00000000000029,0.0,314.75
31,91.34016898876256,68.65000000000023,0.0,263.0
31,92.09592754756075,76.60000000000022,0.0,269.0
31,92.85499699623807,82.45000000000016,0.0,231.75
31,89.91841192071354,55.75000000000032,0.0,287.75
31,18.642570130490217,0.0,2.5,155.0
31,90.06281789830649,56.50000000000033,0.0,267.0
31,90.03826638460997,56.050000000000324,0.0,261.75
31,89.0862123672738,47.3500000000003,0.0,285.5
31,89.2200241656941,49.750000000000306,0.0,317.0
31,90.86448783898969,63.85000000000029,0.0,253.5
31,92.18558194495657,77.80000000000021,0.0,277.0
31,90.81952778144901,66.85000000000022,0.0,386.25
31,89.10463104970329,46.9000000000003,0.0,266.5
31,92.254938740131,79.45000000000019,0.0,303.0
31,92.15737851141819,77.9500000000002,0.0,298.75
31,91.78872424807822,74.35000000000025,0.0,292.25
31,92.14678825475139,75.55000000000024,0.0,225.75
31,88.23813016306386,41.050000000000274,0.0,383.25
31,89.05038983486332,47.3500000000003,0.0,295.5
31,90.36462685826142,59.9500000000003,0.0,279.0
31,90.78685584182193,63.85000000000028,0.0,274.25
31,91.66357153218314,70.75000000000023,0.0,241.75
31,87.89430784113253,36.40000000000028,0.0,324.0
31,91.40746485162705,72.40000000000026,0.0,365.25
31,89.18363527752649,49.60000000000031,0.0,326.25
31,90.87085372093055,64.4500000000003,0.0,267.75
31,89.33468733543535,50.20000000000031,0.0,297.75
31,92.91560960470068,83.95000000000016,0.0,249.0
31,23.10548589447803,16.000000000000085,22.5,355.0
31,-0.681938819745527,10.450000000000072,25.0,250.0
31,93.02616557668705,84.40000000000015,0.0,230.5
31,-1.041938819745528,6.850000000000064,25.0,250.0
31,-1.7177728236526364,0.0,25.0,241.0
31,89.75254976462622,54.85000000000031,0.0,309.0
31,19.463061180254474,9.40000000000007,2.5,250.0
31,3.5330611802544727,7.600000000000065,20.0,250.0
31,22.490038888023378,32.30000000000014,25.0,356.25
31,0.128061180254472,18.55000000000006,25.0,250.0
31,92.12361800981101,77.95000000000022,0.0,301.25
31,92.80469948330935,80.80000000000017,0.0,221.25
31,90.14976770073349,57.85000000000032,0.0,280.5
31,77.94607410415284,53.35000000000028,12.5,533.75
32,88.89137067087681,46.4500000000003,0.0,333.75
32,89.6802389416678,53.950000000000315,0.0,305.5
32,89.27810055968504,49.4500000000003,0.0,289.5
32,89.92355155710271,56.20000000000032,0.0,300.75
32,91.95711021912797,77.50000000000021,0.0,343.0
32,91.14843345317654,68.20000000000029,0.0,298.5
32,89.58914274830315,52.30000000000031,0.0,283.75
32,92.83312540958434,83.80000000000015,0.0,257.5
32,91.44294046486608,71.65000000000026,0.0,312.0
32,89.90642738159161,55.60000000000031,0.0,287.0
32,89.3505373011904,49.900000000000304,0.0,282.0
32,91.77065166658163,73.60000000000024,0.0,271.5
32,92.71577165098284,81.85000000000016,0.0,253.75
32,90.30367955492343,63.550000000000324,0.0,432.5
32,89.24735645991282,49.750000000000306,0.0,310.25
32,89.56008945829797,52.30000000000032,0.0,292.25
32,89.29809029057668,49.60000000000031,0.0,288.25
32,90.88367953043533,64.45000000000027,0.0,265.75
32,91.29245833371282,68.0500000000003,0.0,250.0
32,89.16191855110719,48.250000000000306,0.0,289.0
32,90.8427971830933,66.70000000000027,0.0,377.0
32,89.37282690668164,50.65000000000031,0.0,297.75
32,90.34453233560585,59.20000000000033,0.0,264.0
32,89.63251205445253,52.15000000000032,0.0,265.75
32,91.55415397836408,69.70000000000029,0.0,236.0
32,91.34900203128177,71.35000000000028,0.0,338.75
32,92.3390937135168,75.70000000000023,0.0,188.25
32,89.8416054765966,54.40000000000032,0.0,270.0
32,91.66834916143424,73.30000000000025,0.0,293.0
32,90.88293786050717,63.85000000000029,0.0,246.75
32,91.08983109338449,68.05000000000025,0.0,328.0
32,89.82962325839509,55.300000000000274,0.0,304.25
32,92.44559702880869,84.10000000000015,0.0,411.0
32,92.47245151966884,77.05000000000021,0.0,189.25
32,92.52382691032265,80.35000000000016,0.0,265.25
32,90.78114960241965,63.70000000000023,0.0,311.0
32,89.13205489125855,48.2500000000003,0.0,298.5
32,92.47458304118521,80.80000000000018,0.0,279.25
32,91.5654511289561,75.25000000000023,0.0,406.0
32,91.02123808401146,63.40000000000028,0.0,211.0
32,92.02585690084099,73.45000000000023,0.0,222.0
32,90.72082705681999,65.50000000000028,0.0,342.75
32,87.85968355751564,36.250000000000284,0.0,344.75
32,90.19097828628863,60.100000000000314,0.0,341.5
32,92.36630768939783,79.7500000000002,0.0,287.0
32,89.16508669015275,49.75000000000031,0.0,341.25
32,93.3646292544612,85.90000000000013,0.0,189.25
32,91.1394337587643,69.25000000000028,0.0,335.75
32,91.0878329934014,66.70000000000032,0.0,268.25
32,89.10653522102888,48.2500000000003,0.0,306.5
32,92.48921467249254,79.90000000000018,0.0,265.5
32,89.44844056952797,51.25000000000031,0.0,297.5
32,90.1542893845872,59.8000000000003,0.0,346.75
32,89.57669969678325,52.75000000000031,0.0,301.25
32,88.98787683052917,46.6000000000003,0.0,293.5
32,89.74516252823045,53.50000000000032,0.0,271.75
32,89.05657881469281,47.500000000000306,0.0,298.5
32,92.1714298361887,75.10000000000022,0.0,213.0
32,92.53027316632048,80.50000000000018,0.0,254.25
32,91.47825267290321,71.20000000000026,0.0,285.0
32,89.33448417477679,51.10000000000031,0.0,324.0
32,89.93955114149216,55.75000000000031,0.0,281.25
32,88.80933847591372,43.15000000000029,0.0,248.5
32,89.23166300576675,48.250000000000306,0.0,269.25
32,89.84695111842746,54.55000000000031,0.0,274.0
32,89.84393664301086,55.15000000000031,0.0,295.25
32,92.3065739556371,78.7000000000002,0.0,270.5
32,90.11855949076676,59.20000000000028,0.0,368.5
32,89.3346756787244,48.7000000000003,0.0,254.5
32,93.05376952209315,85.45000000000013,0.0,252.0
32,92.91815206665439,84.40000000000015,0.0,264.0
32,92.16932240561002,77.35000000000022,0.0,274.0
32,90.5738867928692,61.30000000000024,0.0,271.0
32,87.754819944871,36.70000000000027,0.0,372.25
32,88.96003041239854,46.450000000000294,0.0,296.25
32,89.3118586366593,49.000000000000306,0.0,267.25
32,89.36284838072612,50.9500000000003,0.0,311.25
32,90.39259211310917,61.15000000000026,0.0,334.75
32,89.40339262923844,49.60000000000031,0.0,261.75
32,91.50306258988802,72.10000000000026,0.0,314.0
32,89.8138143451739,54.25000000000031,0.0,273.75
32,91.00233773366098,65.0500000000003,0.0,245.75
32,89.9420093425637,55.90000000000032,0.0,284.75
32,91.71326021161785,71.20000000000027,0.0,225.0
32,92.20746608939275,77.6500000000002,0.0,268.25
32,91.05851123933125,64.75000000000027,0.0,236.25
32,91.84588349660278,75.70000000000023,0.0,311.0
32,93.5000307703188,86.35000000000014,0.0,176.75
32,90.64873040529373,61.450000000000315,0.0,246.5
32,-0.8919388197455275,8.350000000000067,25.0,250.0
32,0.7453516963759415,0.0,22.5,102.75
32,91.99946949678842,77.50000000000021,0.0,317.0
32,-1.585089825931938,0.0,25.0,141.75
32,80.85191050222213,37.5000000000002,7.5,501.0
32,21.521583967886947,19.300000000000054,25.0,191.5
32,18.71075525360361,0.0,2.5,118.0
32,90.35753270196263,63.70000000000018,0.0,458.5
32,86.23391294432005,64.75000000000017,5.0,409.75
32,16.33104419459129,0.0,5.0,198.25
32,0.5250692231787819,0.0,22.5,248.0
33,89.9097905327229,55.15000000000032,0.0,272.0
33,89.35972352467527,51.55000000000031,0.0,329.0
33,89.21337924171183,48.25000000000031,0.0,273.75
33,89.6052389416678,53.200000000000315,0.0,305.5
33,91.77402068242431,76.15000000000023,0.0,365.25
33,90.23257456852589,60.250000000000334,0.0,330.25
33,89.66156006039408,53.200000000000315,0.0,288.25
33,92.67846265612926,82.45000000000016,0.0,278.5
33,93.14117504693628,83.20000000000016,0.0,186.5
33,89.65243378536812,53.50000000000032,0.0,299.5
33,88.87246947478924,46.450000000000294,0.0,323.25
33,91.79707585458063,74.95000000000022,0.0,311.75
33,92.42085637259524,78.2500000000002,0.0,226.75
33,91.05077476743853,70.00000000000028,0.0,391.5
33,89.8222633088976,54.550000000000324,0.0,279.75
33,90.06002847903893,56.50000000000032,0.0,267.75
33,89.3211445142393,49.60000000000031,0.0,281.25
33,89.49045772500148,53.0500000000003,0.0,345.0
33,90.02844266271408,56.8000000000003,0.0,286.25
33,89.766809123548,53.65000000000032,0.0,271.75
33,90.84347495514746,64.75000000000024,0.0,281.25
33,89.06084966385407,47.0500000000003,0.0,283.5
33,90.0858286149669,56.65000000000032,0.0,265.0
33,89.82454214524834,53.950000000000315,0.0,263.0
33,92.31556543817526,76.60000000000022,0.0,217.25
33,91.62073249420109,74.65000000000023,0.0,357.75
33,90.90841982892097,64.30000000000032,0.0,252.0
33,89.97223296543973,55.90000000000032,0.0,275.5
33,93.08659487719194,84.25000000000014,0.0,208.75
33,91.85498673007754,72.55000000000024,0.0,228.0
33,89.46928222970604,52.75000000000026,0.0,405.25
33,90.09396582288628,57.55000000000026,0.0,301.5
33,91.44836046598273,74.80000000000024,0.0,457.5
33,91.89045504268785,73.15000000000018,0.0,237.25
33,9.098061180254472,18.250000000000064,15.0,250.0
33,92.35794566902652,77.50000000000021,0.0,229.0
33,88.89653522102887,46.150000000000304,0.0,306.5
33,92.8572274489293,83.35000000000016,0.0,256.75
33,91.0666812485284,71.20000000000026,0.0,440.25
33,88.28020726708748,40.75000000000029,0.0,353.75
33,90.94931413885793,65.80000000000027,0.0,292.75
33,88.34637080611508,43.75000000000029,0.0,425.25
33,88.9036719419,45.8500000000003,0.0,296.75
33,90.48470958191365,61.000000000000234,0.0,300.75
33,92.2890510439443,79.1500000000002,0.0,293.5
33,89.2478325728413,53.050000000000296,0.0,453.5
33,93.18028158834903,82.00000000000017,0.0,151.75
33,92.45316652145142,79.45000000000019,0.0,257.25
33,90.6970656764946,62.350000000000314,0.0,262.75
33,89.73386120288316,53.80000000000032,0.0,284.25
33,92.56551923267108,81.40000000000016,0.0,281.5
33,87.96610046839419,39.70000000000028,0.0,408.25
33,90.76855407491098,64.7500000000003,0.0,304.75
33,89.90343676007875,55.00000000000033,0.0,269.5
33,89.00002237167422,46.4500000000003,0.0,283.5
33,89.396327191263,50.35000000000031,0.0,281.75
33,88.23315511797898,41.65000000000029,0.0,379.25
33,90.76873342819134,63.40000000000027,0.0,276.75
33,91.20357696665113,71.95000000000027,0.0,406.0
33,91.90865866090537,75.70000000000019,0.0,305.5
33,89.42669969678325,51.25000000000031,0.0,301.25
33,90.02343676007874,56.20000000000032,0.0,269.5
33,88.97544575272153,46.300000000000296,0.0,286.25
33,89.63369498927511,52.30000000000031,0.0,270.25
33,90.01014402998977,56.35000000000032,0.0,279.75
33,90.88763820750682,64.0000000000003,0.0,258.5
33,91.38165533331592,73.75000000000026,0.0,402.75
33,89.04775938506641,50.05000000000029,0.0,423.0
33,88.98463455658026,45.7000000000003,0.0,266.5
33,92.66392608365163,83.35000000000016,0.0,293.5
33,92.38912671913688,80.65000000000018,0.0,314.25
33,92.40183949614477,81.40000000000018,0.0,317.75
33,89.94487803258843,62.05000000000031,0.0,534.75
33,91.01219651025434,64.60000000000026,0.0,233.25
33,89.8033148652859,55.75000000000032,0.0,326.0
33,88.45502027759741,41.05000000000029,0.0,284.75
33,89.14445068560006,49.1500000000003,0.0,335.0
33,92.09988258813092,75.2500000000002,0.0,233.75
33,89.43153377740374,50.80000000000031,0.0,284.75
33,90.99856528225145,69.10000000000029,0.0,374.5
33,88.90519173792894,47.8000000000003,0.0,356.75
33,89.6657615747907,53.200000000000315,0.0,292.25
33,90.33469277960782,59.50000000000032,0.0,277.0
33,92.09013077521638,75.5500000000002,0.0,239.25
33,91.88617530778858,76.30000000000022,0.0,323.5
33,91.10492893683595,66.55000000000022,0.0,270.75
33,91.90427391537652,77.80000000000021,0.0,369.75
33,90.06183390404298,59.95000000000021,0.0,439.25
33,90.86015707705853,63.55000000000032,0.0,246.25
33,93.216626152427,86.80000000000013,0.0,241.5
33,90.76470738658963,65.50000000000018,0.0,400.0
33,15.353061180254475,13.300000000000079,7.5,250.0
33,7.375806252453534,0.0,15.0,165.75
33,-1.2669388197455285,4.600000000000058,25.0,250.0
33,16.348337453450448,0.0,5.0,185.0
33,-1.5828754624734227,0.0,25.0,140.5
33,89.34015748224422,49.900000000000304,0.0,285.25
33,10.418061180254472,8.950000000000069,12.5,250.0
33,92.80129108647331,84.55000000000015,0.0,299.0
33,89.77200484857318,54.700000000000315,0.0,299.75
34,88.99324305596735,47.35000000000029,0.0,327.25
34,89.19911914629311,49.150000000000304,0.0,305.75
34,89.56011338967635,51.25000000000031,0.0,261.5
34,89.66341192071354,53.200000000000315,0.0,287.75
34,92.24330579439372,79.3000000000002,0.0,308.5
34,90.72645631936734,63.5500000000003,0.0,289.25
34,89.15263231445732,49.30000000000031,0.0,324.5
34,91.36432260469897,71.95000000000023,0.0,351.25
34,92.75346623145786,83.05000000000015,0.0,288.25
34,89.81375308374444,55.00000000000032,0.0,296.25
34,90.59595630686499,61.900000000000325,0.0,269.25
34,92.69616919025592,83.05000000000015,0.0,293.5
34,91.63255024008146,73.60000000000025,0.0,327.5
34,91.08223320673754,70.00000000000028,0.0,375.0
34,88.88945241900623,46.60000000000031,0.0,326.25
34,90.15665370990871,57.10000000000033,0.0,258.25
34,89.61097930412228,53.200000000000315,0.0,301.75
34,90.09475682730815,58.45000000000033,0.0,317.75
34,92.42651834267429,77.6500000000002,0.0,208.5
34,89.71756848603926,52.600000000000314,0.0,256.75
34,87.87891299110622,39.100000000000286,0.0,474.25
34,90.393899561387,59.95000000000033,0.0,271.5
34,89.91717381831805,55.45000000000032,0.0,279.5
34,90.0138038212539,55.90000000000031,0.0,265.0
34,90.44801406825334,59.95000000000033,0.0,260.25
34,92.05204458438061,76.00000000000023,0.0,261.0
34,90.9464390407485,65.35000000000032,0.0,267.75
34,89.99984865927156,56.650000000000325,0.0,290.75
34,92.15643519339272,77.20000000000022,0.0,275.25
34,92.73392903918068,79.0000000000002,0.0,178.75
34,92.07117436355057,75.25000000000023,0.0,245.25
34,90.1023351626045,57.85000000000029,0.0,299.5
34,91.70127324763976,76.90000000000022,0.0,417.5
34,90.86184812662617,63.70000000000025,0.0,261.0
34,91.68835221502356,70.60000000000024,0.0,236.25
34,89.39338708134835,51.10000000000031,0.0,306.0
34,91.24448759869978,71.20000000000027,0.0,363.0
34,90.02337134926618,62.35000000000025,0.0,502.0
34,61.11730072152636,43.450000000000216,30.0,635.25
34,92.50330101169163,80.80000000000018,0.0,269.25
34,88.54666562456131,45.550000000000296,0.0,438.0
34,88.88312612520726,44.5000000000003,0.0,262.0
34,90.6580323170621,64.00000000000026,0.0,322.25
34,91.18966189131066,71.65000000000026,0.0,400.0
34,89.27944837373676,51.40000000000029,0.0,357.5
34,91.88964075574506,75.70000000000023,0.0,316.5
34,91.36943190938105,71.05000000000024,0.0,323.5
34,92.2168286979833,78.7000000000002,0.0,288.25
34,90.44468390226893,60.70000000000033,0.0,280.25
34,91.79341658095085,76.30000000000022,0.0,345.0
34,89.35119546566966,50.05000000000031,0.0,295.25
34,90.09476796655774,59.20000000000027,0.0,344.25
34,89.36156006039407,50.20000000000031,0.0,288.25
34,88.97683452154914,46.450000000000294,0.0,291.5
34,89.7577994715013,54.100000000000314,0.0,287.0
34,88.80426967031042,45.850000000000264,0.0,325.25
34,90.80585993858475,65.20000000000032,0.0,304.5
34,91.72746023699344,75.10000000000024,0.0,337.25
34,92.36661147786654,78.8500000000002,0.0,258.0
34,89.85843676007873,54.55000000000032,0.0,269.5
34,89.78738916150988,54.25000000000031,0.0,281.5
34,90.9415406968188,64.6000000000003,0.0,249.75
34,89.34530657343214,49.45000000000031,0.0,271.0
34,89.84738916150988,54.85000000000032,0.0,281.5
34,90.5943340717921,61.15000000000032,0.0,254.75
34,92.23183744271627,78.8500000000002,0.0,299.25
34,88.15015247364094,41.80000000000029,0.0,452.0
34,89.01110588169468,46.0000000000003,0.0,268.0
34,93.02213745547003,81.25000000000017,0.0,167.5
34,92.3850951509138,79.45000000000019,0.0,269.75
34,92.12089853070042,76.15000000000023,0.0,248.5
34,89.96362610818761,65.20000000000032,0.0,717.75
34,18.539596130880604,0.0,2.5,234.0
34,89.03500943016232,46.900000000000304,0.0,288.0
34,89.03392981676905,46.0000000000003,0.0,261.75
34,91.19220176728945,67.4500000000002,0.0,268.5
34,91.02068698825983,67.0000000000003,0.0,311.5
34,88.70909187328004,44.35000000000029,0.0,314.75
34,92.66671083896017,80.95000000000019,0.0,245.0
34,88.59665406797214,45.1000000000003,0.0,371.0
34,89.8514335326426,54.400000000000276,0.0,269.75
34,89.56158285432117,52.75000000000031,0.0,305.25
34,92.09000801668452,76.30000000000022,0.0,260.5
34,92.85784652704484,83.20000000000016,0.0,246.75
34,89.44870566527311,50.9500000000003,0.0,299.25
34,92.23887578053919,79.45000000000019,0.0,315.75
34,9.53693935773703,0.0,12.5,236.5
34,90.36465567768872,59.50000000000033,0.0,266.5
34,92.20058194495658,77.95000000000022,0.0,277.0
34,21.18105776950394,3.700000000000057,0.0,214.75
34,89.74282162957688,54.40000000000032,0.0,301.0
34,92.32042131926052,80.65000000000016,0.0,340.75
34,90.07847371002106,56.50000000000033,0.0,263.5
34,91.09397522725203,66.55000000000024,0.0,277.25
34,-1.5881573490798917,0.0,25.0,143.5
34,90.11136863132153,57.7000000000003,0.0,287.75
34,91.14970717168995,65.65000000000026,0.0,229.25
34,89.98315549344657,55.75000000000032,0.0,270.25
34,89.35883636351795,50.650000000000304,0.0,302.5
34,7.763061180254471,4.900000000000059,15.0,250.0
35,88.99101533914117,47.5000000000003,0.0,331.75
35,89.24732530818318,49.900000000000304,0.0,313.0
35,89.07575320904853,47.0500000000003,0.0,278.75
35,89.34566338447223,51.10000000000031,0.0,320.25
35,91.09122147137089,70.00000000000028,0.0,371.0
35,90.35111441985008,61.000000000000334,0.0,317.75
35,89.63397599990714,53.80000000000032,0.0,315.5
35,91.72762906873905,76.60000000000021,0.0,386.0
35,92.34703066586965,76.15000000000022,0.0,202.0
35,89.76302902129528,54.40000000000032,0.0,293.5
35,89.65383602046288,52.15000000000031,0.0,262.5
35,91.7871056603986,72.40000000000026,0.0,244.5
35,92.88701306908374,84.70000000000014,0.0,276.5
35,90.80966355061675,66.25000000000031,0.0,337.75
35,89.99654784437978,57.400000000000304,0.0,316.25
35,89.43659535863392,50.80000000000031,0.0,284.25
35,88.67609138870434,43.450000000000294,0.0,290.5
35,90.94404104733512,64.45000000000024,0.0,257.25
35,90.14312641590763,58.0000000000003,0.0,289.75
35,89.75716654108803,53.50000000000032,0.0,269.5
35,90.84357250964881,64.75000000000028,0.0,281.75
35,89.74081171604314,54.25000000000032,0.0,294.75
35,89.20870674329429,49.450000000000294,0.0,314.75
35,90.93835530426338,64.15000000000032,0.0,241.0
35,89.64989138772584,53.350000000000314,0.0,296.0
35,92.33903335570974,79.45000000000019,0.0,289.0
35,90.36947295569492,61.000000000000334,0.0,308.75
35,89.91712484352063,55.00000000000031,0.0,266.0
35,92.9317374740347,83.80000000000015,0.0,235.75
35,92.01662414865146,73.00000000000021,0.0,207.0
35,91.01952565217296,67.3000000000003,0.0,306.75
35,90.54387717981784,62.20000000000029,0.0,296.25
35,91.89413343018059,79.3000000000002,0.0,435.5
35,91.6709360187274,71.05000000000024,0.0,243.75
35,91.96716519381722,73.90000000000023,0.0,254.25
35,89.76563564850579,53.80000000000032,0.0,274.5
35,91.84544818401052,75.25000000000023,0.0,300.25
35,85.65649537486752,64.00000000000024,5.0,561.5
35,93.10557100116448,82.45000000000016,0.0,178.0
35,87.90164207650523,39.70000000000029,0.0,443.5
35,88.52499497046401,41.95000000000029,0.0,291.0
35,91.63269180363997,71.20000000000027,0.0,241.75
35,92.1440940881698,77.80000000000021,0.0,292.75
35,89.78836761629302,57.850000000000236,0.0,405.0
35,91.28143791931453,71.05000000000027,0.0,364.0
35,91.36154348475773,71.80000000000022,0.0,342.25
35,92.50726153218255,81.25000000000017,0.0,276.5
35,89.57268199318771,52.30000000000031,0.0,288.0
35,92.26581012971087,78.55000000000018,0.0,305.0
35,90.47048857150202,60.85000000000031,0.0,274.5
35,91.3695122324099,69.85000000000028,0.0,276.5
35,90.1335763964679,57.700000000000315,0.0,282.5
35,89.78718214848264,53.80000000000032,0.0,268.5
35,89.4570375580742,50.80000000000031,0.0,279.25
35,88.95473782512042,46.60000000000028,0.0,308.25
35,90.82474779401724,64.75000000000028,0.0,285.25
35,90.98106343814672,68.5000000000003,0.0,354.75
35,91.54654610598239,73.45000000000024,0.0,333.75
35,89.86172453614844,55.00000000000032,0.0,283.0
35,89.79070177694477,54.1000000000003,0.0,276.75
35,89.71078301207311,52.00000000000031,0.0,242.75
35,90.2049988439469,57.70000000000032,0.0,261.5
35,89.24704695243389,49.90000000000031,0.0,315.5
35,89.81926721410038,54.10000000000032,0.0,272.0
35,92.46632763327608,81.10000000000018,0.0,296.0
35,88.49119879832968,45.70000000000024,0.0,498.0
35,88.86275484847675,44.50000000000029,0.0,267.0
35,93.0047019966139,81.70000000000017,0.0,177.5
35,91.51618073070027,73.60000000000025,0.0,345.25
35,91.71896347666703,75.25000000000023,0.0,346.25
35,81.41411837717426,48.70000000000029,7.5,834.75
35,89.66253464297986,53.05000000000032,0.0,282.75
35,89.64206530045185,51.700000000000315,0.0,252.75
35,90.74416521673291,63.70000000000025,0.0,285.75
35,90.6430514363231,63.100000000000335,0.0,293.0
35,89.19603918821376,48.1000000000003,0.0,278.5
35,92.10458863320952,77.6500000000002,0.0,290.0
35,89.18346212099297,49.30000000000031,0.0,318.0
35,91.06890398396494,66.2500000000003,0.0,263.0
35,89.08197884613023,49.0000000000003,0.0,336.5
35,91.90311042435235,74.05000000000024,0.0,249.75
35,93.04173037403221,86.20000000000013,0.0,278.25
35,91.0171111200328,65.0500000000003,0.0,246.75
35,92.81675878353921,83.05000000000017,0.0,248.5
35,90.2550823144441,57.55000000000029,0.0,248.25
35,92.56109805340913,81.70000000000017,0.0,288.75
35,89.64841192071354,53.05000000000032,0.0,287.75
35,92.43337563495304,81.70000000000016,0.0,359.75
35,89.83223128044213,55.90000000000032,0.0,318.0
35,88.77260792945431,47.05000000000024,0.0,440.25
35,89.33785965531237,50.650000000000304,0.0,309.5
35,90.8649488365044,64.3000000000003,0.0,263.75
35,88.88112046342141,46.6000000000003,0.0,326.75
35,88.9399086175812,47.650000000000304,0.0,338.75
35,88.56843948997675,44.65000000000026,0.0,389.0
35,81.58283298166785,59.85000000000014,10.0,268.25
35,93.27928812001528,85.45000000000013,0.0,197.5
35,92.45849137973329,81.25000000000017,0.0,307.5
35,91.57920016452924,71.80000000000021,0.0,292.5
35,93.07091279085323,83.35000000000016,0.0,193.5
36,90.39778275592815,59.65000000000032,0.0,261.75
36,22.55239324565629,14.800000000000082,0.0,75.5
36,22.324470294780085,12.250000000000076,0.0,67.75
36,89.90995435014688,55.60000000000032,0.0,286.0
36,92.94437365720187,84.70000000000014,0.0,264.75
36,91.4018154142383,70.00000000000026,0.0,274.75
36,22.339470294780085,12.400000000000077,0.0,67.75
36,92.61489111708941,82.60000000000015,0.0,310.5
36,93.192863222311,85.30000000000014,0.0,215.5
36,22.52132215509955,14.200000000000081,0.0,67.25
36,90.60504895933104,61.150000000000325,0.0,248.5
36,93.01442275068757,85.00000000000014,0.0,264.25
36,91.996028573209,76.30000000000022,0.0,289.75
36,22.17330631827193,11.950000000000076,0.0,110.0
36,89.14416316659214,48.8500000000003,0.0,317.5
36,22.347913874059735,12.400000000000077,0.0,65.5
36,22.11425987996602,10.300000000000072,0.0,72.0
36,90.19513535894112,59.05000000000029,0.0,313.0
36,22.511267317287,14.800000000000082,0.0,89.0
36,22.24674659790397,11.950000000000076,0.0,82.0
36,89.41514967404379,53.20000000000029,0.0,374.0
36,22.339470294780085,12.400000000000077,0.0,67.75
36,21.977300838989873,9.55000000000007,0.0,92.25
36,22.306669183207134,12.250000000000076,0.0,72.75
36,91.26673380081138,66.85000000000028,0.0,230.25
36,91.52439548780643,72.25000000000024,0.0,304.25
36,22.408256160915055,13.300000000000079,0.0,73.75
36,22.399470294780084,13.000000000000078,0.0,67.75
36,92.61621126162805,81.70000000000016,0.0,275.5
36,18.5570161110401,0.0,2.5,218.25
36,86.7939182062174,48.75000000000022,2.5,377.0
36,22.15156696529933,10.750000000000073,0.0,74.25
36,91.22594085486344,74.20000000000024,0.0,534.0
36,90.51995790166237,62.65000000000028,0.0,314.75
36,92.37788086601736,76.7500000000002,0.0,217.25
36,22.324470294780085,12.250000000000076,0.0,67.75
36,92.56005191300159,79.6000000000002,0.0,224.75
36,91.38515722966824,67.1500000000002,0.0,256.5
36,22.255274556530686,11.950000000000076,0.0,79.25
36,22.51967695857265,13.60000000000008,0.0,53.25
36,22.55416940287794,15.250000000000083,0.0,89.75
36,92.29681749883802,79.1500000000002,0.0,290.25
36,21.932475054256614,8.650000000000068,0.0,77.0
36,92.79579926317754,81.10000000000018,0.0,218.75
36,92.16535883013161,79.7500000000002,0.0,347.75
36,92.22151608396409,77.95000000000022,0.0,269.75
36,22.265567388208524,12.250000000000076,0.0,85.75
36,22.18163526070817,12.850000000000078,0.0,152.5
36,22.007632051203768,9.100000000000069,0.0,68.25
36,91.39230798050417,70.90000000000026,0.0,300.5
36,22.264470294780082,11.650000000000075,0.0,67.75
36,22.0599571868199,10.450000000000072,0.0,95.0
36,22.101297315734353,10.600000000000072,0.0,85.5
36,21.78483958565666,7.450000000000065,0.0,86.0
36,22.301977707768906,13.150000000000079,0.0,106.25
36,92.36543879201847,79.0000000000002,0.0,265.25
36,91.24656020203939,70.00000000000026,0.0,323.25
36,22.459470294780083,13.60000000000008,0.0,67.75
36,22.399470294780084,13.000000000000078,0.0,67.75
36,89.64986556915348,51.25000000000031,0.0,239.25
36,21.868268493507404,8.500000000000068,0.0,93.75
36,22.351746597903972,13.000000000000078,0.0,82.0
36,90.29371788347252,57.55000000000031,0.0,238.25
36,91.7093525955905,74.65000000000023,0.0,327.5
36,89.05550218802625,49.9000000000003,0.0,442.25
36,22.534840269164512,14.05000000000008,0.0,60.0
36,92.97209921588319,83.50000000000016,0.0,230.25
36,93.27200678411407,85.90000000000012,0.0,204.25
36,91.82384278615032,75.70000000000023,0.0,324.25
36,22.39925987996602,13.150000000000079,0.0,72.0
36,22.384470294780083,12.850000000000078,0.0,67.75
36,22.085586919194345,10.300000000000072,0.0,80.75
36,91.37829847453172,69.85000000000022,0.0,307.0
36,22.355394510250417,12.550000000000077,0.0,67.5
36,91.67856602605178,74.65000000000023,0.0,329.5
36,22.19056738820852,11.500000000000075,0.0,85.75
36,22.30854948342601,12.100000000000076,0.0,68.0
36,22.444470294780086,13.45000000000008,0.0,67.75
36,91.77138002832666,71.95000000000026,0.0,229.5
36,93.17865509461609,83.80000000000015,0.0,183.0
36,22.397668805013293,13.60000000000008,0.0,86.75
36,91.85887669336252,76.60000000000022,0.0,345.75
36,22.469105058165336,13.90000000000008,0.0,73.5
36,91.81309709783082,75.10000000000024,0.0,305.25
36,22.379092206100484,13.45000000000008,0.0,88.0
36,91.31596256666475,74.05000000000018,0.0,479.25
36,22.2837022243038,12.250000000000076,0.0,79.75
36,92.22318170096489,76.30000000000022,0.0,223.0
36,0.5687415894582892,0.0,22.5,208.25
36,89.94970139733323,56.50000000000031,0.0,306.5
36,22.24947029478008,11.500000000000075,0.0,67.75
36,22.474470294780083,13.75000000000008,0.0,67.75
36,91.61966498754623,71.05000000000027,0.0,244.25
36,93.10094243120791,82.90000000000016,0.0,187.0
36,91.61561688905047,73.45000000000024,0.0,317.5
36,92.58129508044382,79.1500000000002,0.0,211.0
36,22.514105058165338,14.350000000000081,0.0,73.5
36,91.29608052889766,67.6000000000002,0.0,243.5
36,0.6284598027639778,0.0,22.5,164.0
36,90.9868851618444,65.65000000000032,0.0,265.25
37,92.65093070660777,83.65000000000015,0.0,321.0
37,91.39669743203045,70.15000000000029,0.0,276.75
37,91.12307329881307,68.95000000000026,0.0,337.75
37,92.75255453854746,80.05000000000018,0.0,198.25
37,89.85799871699632,54.25000000000032,0.0,262.0
37,91.25001248417757,67.75000000000027,0.0,262.5
37,92.40916550767707,78.8500000000002,0.0,240.0
37,91.56676635503399,69.55000000000024,0.0,223.5
37,92.89467897319557,84.70000000000016,0.0,276.75
37,91.82563254896195,74.95000000000024,0.0,305.75
37,91.66977194150664,77.6500000000002,0.0,466.25
37,90.91375563897363,63.100000000000264,0.0,229.25
37,92.62679008508789,78.2500000000002,0.0,193.75
37,92.28014612129424,79.90000000000019,0.0,313.0
37,92.69517458859534,80.3500000000002,0.0,214.25
37,91.20890845891722,70.45000000000027,0.0,342.5
37,93.4348465630593,87.55000000000013,0.0,216.75
37,90.99107440488174,67.1500000000002,0.0,324.5
37,92.0204978640339,76.90000000000022,0.0,292.25
37,90.4045225255337,61.60000000000029,0.0,319.25
37,92.16146768534037,79.45000000000019,0.0,346.75
37,92.21744131524765,77.05000000000021,0.0,256.5
37,91.32291083107562,73.75000000000026,0.0,425.0
37,92.64131726731696,79.90000000000019,0.0,226.5
37,93.33173296930548,86.20000000000013,0.0,198.0
37,91.70994152401362,74.65000000000023,0.0,327.25
37,91.71560290266149,73.9000000000002,0.0,333.0
37,91.64525388132901,74.35000000000025,0.0,333.5
37,91.68661152265689,72.40000000000025,0.0,262.75
37,92.35093970286842,79.1500000000002,0.0,281.0
37,93.4304610429045,87.25000000000011,0.0,199.25
37,92.2235412345041,78.4000000000002,0.0,290.25
37,92.88590352579975,84.10000000000014,0.0,309.5
37,92.03032586245685,74.20000000000024,0.0,219.5
37,14.17618349964009,0.0,7.5,135.5
37,92.9674925904969,81.40000000000018,0.0,182.5
37,93.29725543099593,86.50000000000013,0.0,211.5
37,92.19815886842505,74.95000000000023,0.0,200.75
37,91.15991139822027,65.95000000000024,0.0,233.5
37,89.70492297624854,53.9500000000003,0.0,296.5
37,-0.9369388197455275,7.900000000000066,25.0,250.0
37,89.15518926293741,49.900000000000304,0.0,342.0
37,2.874302488521094,0.0,20.0,166.75
37,2.873180571903747,0.0,20.0,167.5
37,0.6180105205943625,0.0,22.5,171.0
37,91.39470834480497,74.6500000000002,0.0,433.25
37,92.39640087808095,80.20000000000019,0.0,293.25
37,92.23709403703423,79.7500000000002,0.0,318.25
37,41.542827225099046,5.600000000000117,47.5,531.0
37,90.60859682789683,61.00000000000028,0.0,245.75
37,21.33176861586848,19.150000000000055,25.0,297.25
37,92.49857514171632,81.70000000000017,0.0,311.75
37,89.64458824350504,60.40000000000032,0.0,639.5
37,91.00091684465754,67.15000000000029,0.0,306.25
37,92.24132763327609,78.8500000000002,0.0,296.0
37,91.94126685730312,77.20000000000022,0.0,357.25
37,88.613617431136,45.10000000000028,0.0,377.0
37,2.9041233412789986,0.0,20.0,148.0
37,89.27396480167965,49.90000000000031,0.0,305.75
37,11.862945224309406,0.0,10.0,174.5
37,-1.1769388197455282,5.50000000000006,25.0,250.0
37,89.51964575168336,52.150000000000304,0.0,299.25
37,90.84456411312564,63.70000000000023,0.0,299.25
37,91.53041017290246,69.40000000000028,0.0,225.5
37,5.663061180254472,6.4000000000000625,17.5,250.0
37,93.89479650682148,88.75000000000011,0.0,146.0
37,92.06910246100304,75.4000000000002,0.0,255.0
37,90.53600320831177,61.75000000000029,0.0,282.0
37,5.05416869984901,0.0,17.5,220.75
37,92.77381678160748,82.75000000000017,0.0,251.0
37,26.822365023457454,5.35000000000006,17.5,193.0
37,93.80077460735544,88.15000000000012,0.0,155.0
37,50.39947626119831,70.00000000000021,45.0,599.5
37,91.17928493404659,68.80000000000024,0.0,338.5
37,90.29328233146872,58.45000000000033,0.0,258.5
37,2.9570748506472713,0.0,20.0,119.75
37,0.06806118025447261,17.950000000000067,25.0,250.0
37,89.82016147538906,54.55000000000032,0.0,283.25
37,7.6730611802544715,4.000000000000057,15.0,250.0
37,5.978061180254473,9.55000000000007,17.5,250.0
37,89.76116929954486,58.15000000000028,0.0,441.0
37,23.17466234075936,15.100000000000083,22.5,243.0
37,4.86806118025447,20.95000000000004,20.0,250.0
37,89.38494026920964,50.35000000000031,0.0,286.0
37,91.56804829081679,70.45000000000024,0.0,246.0
37,-0.18693881974552573,15.400000000000084,25.0,250.0
37,10.538061180254473,10.150000000000071,12.5,250.0
37,90.21655991505628,58.45000000000032,0.0,278.75
37,91.58073827141612,70.15000000000026,0.0,234.0
37,2.91579356721339,0.0,20.0,141.25
37,91.72925652963431,73.7500000000002,0.0,315.75
37,89.9802886203982,55.75000000000032,0.0,269.0
37,14.026585911349342,0.0,7.5,246.5
37,88.85663892651918,48.40000000000028,0.0,428.25
37,76.54386147764848,58.00000000000023,15.0,412.5
37,74.56661719835955,62.65000000000024,17.5,458.75
37,91.02476221401608,65.6500000000003,0.0,255.0
37,89.6470467694354,53.20000000000031,0.0,296.25
37,-1.6114299548463946,0.0,25.0,157.5
37,23.01821288031922,13.000000000000078,22.5,238.25
38,92.15957245346408,78.2500000000002,0.0,302.25
38,90.64521024895028,62.05000000000031,0.0,262.75
38,93.00663069286992,86.35000000000014,0.0,282.25
38,92.72593091407819,82.15000000000018,0.0,250.75
38,89.96299871699631,55.30000000000031,0.0,262.0
38,92.61329345698269,81.70000000000017,0.0,264.75
38,92.30517733739251,78.2500000000002,0.0,251.75
38,90.73685501653685,62.35000000000028,0.0,247.5
38,92.89067512876164,83.20000000000016,0.0,230.5
38,92.02860762322713,77.20000000000022,0.0,314.5
38,89.21973654766163,75.10000000000024,2.5,499.25
38,90.08418093642858,57.85000000000029,0.0,299.75
38,91.28153336009976,68.05000000000024,0.0,268.75
38,92.40416741962099,78.7000000000002,0.0,244.5
38,92.83952516686779,82.60000000000016,0.0,234.25
38,92.85354899332269,83.05000000000015,0.0,239.0
38,91.6476410191276,72.55000000000027,0.0,281.25
38,91.14257353864663,70.45000000000022,0.0,370.25
38,92.36457136962008,80.20000000000019,0.0,290.0
38,89.83040058028443,56.200000000000315,0.0,331.5
38,92.61011485782689,80.20000000000019,0.0,225.0
38,93.00265620488511,85.00000000000014,0.0,248.5
38,92.7907625945507,82.15000000000016,0.0,233.25
38,93.28698232290067,85.00000000000014,0.0,186.25
38,92.19115874469053,77.6500000000002,0.0,274.0
38,92.18325368076862,79.1500000000002,0.0,315.75
38,7.354147694460309,0.0,15.0,180.75
38,92.20231791272155,77.50000000000021,0.0,267.75
38,92.85987723579366,82.00000000000017,0.0,209.0
38,92.60980234151555,81.55000000000017,0.0,274.75
38,93.09579650176292,85.75000000000014,0.0,254.75
38,91.58809709783081,72.85000000000025,0.0,305.25
38,92.90507520455239,84.70000000000014,0.0,283.0
38,89.63457401689175,53.950000000000244,0.0,349.25
38,93.58100149433717,88.00000000000011,0.0,190.75
38,91.56967964483405,72.25000000000024,0.0,304.25
38,92.07852255375377,75.55000000000024,0.0,241.25
38,90.41666385211775,60.550000000000296,0.0,284.0
38,90.12658785834938,57.70000000000031,0.0,283.0
38,89.46383636351796,51.700000000000315,0.0,302.5
38,89.94651555215711,61.30000000000026,0.0,523.75
38,91.97544820499307,75.55000000000024,0.0,275.5
38,93.11168263345198,84.10000000000015,0.0,200.0
38,88.56462847742785,41.95000000000029,0.0,290.25
38,93.06759088985436,86.05000000000013,0.0,267.0
38,77.14634161198978,49.600000000000286,12.5,737.0
38,90.08283491500154,58.900000000000276,0.0,339.75
38,92.73102608162988,82.45000000000016,0.0,262.0
38,91.85864285057211,76.60000000000022,0.0,346.25
38,85.37894274043133,34.800000000000225,2.5,369.0
38,89.16029004842588,48.70000000000031,0.0,304.5
38,90.3618227377346,60.10000000000033,0.0,284.5
38,86.0075178331345,44.10000000000017,2.5,559.25
38,90.47606840730201,60.85000000000029,0.0,280.0
38,92.52512570897439,78.10000000000021,0.0,213.5
38,91.14203021628582,67.15000000000023,0.0,297.75
38,90.90987321779762,66.40000000000026,0.0,308.5
38,93.12205672333751,86.35000000000014,0.0,253.5
38,21.606815212945566,21.550000000000033,25.0,270.0
38,92.40899071921618,78.8500000000002,0.0,258.0
38,90.02710114121331,57.400000000000325,0.0,305.0
38,89.45276350485831,51.85000000000031,0.0,313.0
38,91.72746501462417,73.30000000000024,0.0,286.0
38,89.35839902241705,50.80000000000031,0.0,306.5
38,92.43572458697284,78.2500000000002,0.0,219.25
38,90.03346029268118,56.80000000000031,0.0,287.0
38,90.53419422925067,61.900000000000304,0.0,286.25
38,91.85673397479248,75.10000000000016,0.0,351.75
38,89.6325862766427,53.8000000000003,0.0,317.0
38,89.47297219532061,53.65000000000031,0.0,383.5
38,91.43483025359342,70.15000000000026,0.0,272.5
38,90.1257931240971,56.95000000000027,0.0,269.5
38,91.924102168974,74.80000000000021,0.0,286.5
38,79.46521883772368,21.350000000000144,7.5,392.25
38,93.35775332342382,88.60000000000011,0.0,250.75
38,90.75066848655409,64.90000000000023,0.0,374.75
38,17.363061180254473,10.900000000000073,5.0,250.0
38,7.413152697585997,0.0,15.0,142.75
38,89.58061313077306,51.10000000000031,0.0,254.0
38,83.08268284145763,33.15000000000022,5.0,318.0
38,16.3070161110401,0.0,5.0,218.25
38,15.443061180254475,14.200000000000081,7.5,250.0
38,2.9591712989913397,0.0,20.0,118.75
38,82.20674762845418,46.35000000000018,7.5,324.75
38,89.76437186114585,56.80000000000023,0.0,492.25
38,91.32666503411448,72.10000000000025,0.0,375.0
38,92.43230244902533,78.7000000000002,0.0,235.5
38,90.15958906433167,61.4500000000003,0.0,399.5
38,89.22496954487224,48.7000000000003,0.0,283.0
38,91.913794351231,75.40000000000023,0.0,293.5
38,89.41463200945203,53.50000000000025,0.0,407.75
38,91.58029294079131,73.75000000000026,0.0,333.0
38,92.458270231849,80.80000000000018,0.0,299.75
38,85.83003188065497,62.950000000000195,5.0,481.5
38,93.31046104290449,86.05000000000013,0.0,199.25
38,0.29306118025447025,20.200000000000045,25.0,250.0
38,14.066947323383198,0.0,7.5,209.75
38,17.588061180254474,13.150000000000079,5.0,250.0
38,89.40005984660552,51.85000000000031,0.0,331.0
38,89.79453932610149,55.7500000000003,0.0,336.5
39,92.01127449701343,79.3000000000002,0.0,383.75
39,91.14511071063232,69.5500000000003,0.0,342.25
39,90.75441982154618,64.45000000000023,0.0,317.75
39,92.64874408460275,81.85000000000016,0.0,279.0
39,90.29510127528464,58.60000000000032,0.0,262.25
39,92.06755070587327,76.30000000000022,0.0,261.0
39,92.10533783554247,79.90000000000019,0.0,366.75
39,91.49936696835118,70.45000000000027,0.0,267.5
39,92.41926621186381,82.30000000000017,0.0,341.75
39,92.12635084851001,76.90000000000019,0.0,291.0
39,90.97308563040241,70.90000000000026,0.0,494.25
39,91.3131582166548,68.65000000000028,0.0,270.25
39,90.2056969407059,60.40000000000027,0.0,362.0
39,91.54531803728791,74.35000000000025,0.0,374.0
39,93.58404111731603,86.65000000000013,0.0,163.25
39,92.69034338141414,82.00000000000017,0.0,251.25
39,92.59168191032228,81.10000000000018,0.0,262.75
39,92.713828611281,82.00000000000017,0.0,256.0
39,92.75523819428675,82.15000000000018,0.0,238.25
39,89.88023319617773,57.2500000000003,0.0,350.5
39,89.66692476474232,59.50000000000025,0.0,568.25
39,91.78871424606044,74.20000000000022,0.0,302.0
39,91.06414433779652,69.40000000000029,0.0,358.25
39,92.82773451010732,82.60000000000016,0.0,235.5
39,92.946764104484,83.65000000000015,0.0,231.75
39,92.2507980624774,79.0000000000002,0.0,289.25
39,90.79373846535194,66.40000000000032,0.0,348.5
39,92.13409609610305,77.6500000000002,0.0,283.5
39,90.5754209608086,65.20000000000026,0.0,386.0
39,93.08706301399435,85.30000000000014,0.0,232.5
39,92.51929722570324,82.15000000000018,0.0,305.5
39,90.96251727849935,69.70000000000022,0.0,439.75
39,90.99373738986918,66.10000000000022,0.0,297.5
39,93.77161700579542,90.25000000000009,0.0,197.0
39,92.49388083665282,81.55000000000018,0.0,297.25
39,92.20378256954469,75.85000000000021,0.0,226.25
39,90.40943092930594,60.55000000000026,0.0,287.0
39,91.4130363602373,69.10000000000026,0.0,244.5
39,89.90071306320263,55.450000000000315,0.0,283.75
39,83.08676809612894,61.450000000000195,7.5,603.25
39,93.17446903222395,85.00000000000014,0.0,205.75
39,92.51606835891748,81.70000000000017,0.0,299.0
39,91.18199225412653,67.15000000000023,0.0,257.0
39,91.88650499365005,76.30000000000022,0.0,323.25
39,68.31101846385178,72.40000000000026,25.0,671.0
39,18.660539433372975,0.0,2.5,144.25
39,92.24558194495657,78.4000000000002,0.0,277.0
39,92.09925606539403,76.7500000000002,0.0,287.0
39,89.26075892240775,48.5500000000003,0.0,269.5
39,89.61694168699594,52.450000000000315,0.0,280.25
39,89.40457651293909,51.250000000000306,0.0,306.25
39,90.88786106714542,63.85000000000025,0.0,250.25
39,90.89796392072574,64.0000000000003,0.0,246.75
39,92.3917408327864,77.80000000000021,0.0,232.0
39,92.34193012176223,78.8500000000002,0.0,261.25
39,88.73610557734035,46.900000000000304,0.0,389.0
39,92.14275986818974,78.8500000000002,0.0,328.75
39,93.57525794728875,90.10000000000011,0.0,229.5
39,89.16506903107177,49.0000000000003,0.0,312.5
39,89.8458446515463,53.950000000000315,0.0,262.5
39,91.64269332606298,71.20000000000022,0.0,248.75
39,89.50812888662125,51.85000000000031,0.0,293.5
39,90.75717712003251,63.55000000000029,0.0,274.75
39,90.0342449911904,56.80000000000032,0.0,284.5
39,91.44892996493977,69.25000000000028,0.0,239.5
39,83.74063690460179,65.05000000000021,7.5,485.0
39,90.06452025322918,57.400000000000304,0.0,294.75
39,83.7648224710571,44.40000000000022,5.0,519.5
39,90.69270787450134,63.100000000000286,0.0,276.25
39,23.278541353023677,16.150000000000084,22.5,248.25
39,91.18989952333742,68.35000000000028,0.0,299.75
39,72.72423965683487,21.500000000000146,15.0,400.0
39,91.97430219189027,77.95000000000022,0.0,348.5
39,90.13740903832431,60.55000000000025,0.0,477.25
39,90.4091683774595,59.0500000000003,0.0,246.25
39,88.0394811531406,37.90000000000028,0.0,319.75
39,90.62594018523664,61.0000000000003,0.0,242.5
39,89.95458898538801,59.350000000000264,0.0,464.75
39,89.63607948385217,56.05000000000023,0.0,425.75
39,91.72710622554425,75.85000000000022,0.0,369.25
39,90.94253298688753,67.45000000000027,0.0,336.75
39,89.44460776544699,51.10000000000031,0.0,291.0
39,87.53035845641102,57.25000000000023,2.5,461.25
39,90.18931836363137,60.400000000000276,0.0,355.5
39,92.28021216110707,80.50000000000018,0.0,328.75
39,90.81198143948028,66.25000000000026,0.0,340.25
39,93.09688177571076,83.05000000000015,0.0,188.75
39,92.05968440401311,77.05000000000021,0.0,303.25
39,88.59129921047213,45.2500000000003,0.0,384.5
39,91.58890653380095,70.75000000000027,0.0,243.0
39,89.51265715382252,52.30000000000031,0.0,306.25
39,92.9386386327536,81.85000000000016,0.0,191.25
39,90.52433124572622,67.00000000000026,0.0,530.0
39,9.098061180254472,18.250000000000064,15.0,250.0
39,92.86285926515947,81.70000000000017,0.0,210.75
39,15.068061180254475,10.450000000000072,7.5,250.0
39,0.7430611802544718,2.200000000000058,22.5,250.0
39,92.40063674434623,79.3000000000002,0.0,258.25
39,87.58328608086592,38.80000000000028,0.0,548.0
39,93.03979668942449,83.95000000000016,0.0,226.5
40,91.52498595565933,73.00000000000026,0.0,333.5
40,89.69249398459112,54.25000000000031,0.0,314.75
40,91.37000534919493,69.85000000000025,0.0,305.75
40,73.48081837335694,52.65000000000021,17.5,435.0
40,90.03799871699631,56.05000000000032,0.0,262.0
40,92.4351203469564,79.6000000000002,0.0,262.25
40,93.61138018410344,89.8000000000001,0.0,214.75
40,91.21328157431752,69.70000000000027,0.0,318.0
40,92.68827519152417,81.55000000000018,0.0,249.25
40,93.19373174587227,86.50000000000011,0.0,235.5
40,92.08689262234864,82.00000000000017,0.0,464.25
40,90.52368194700551,59.20000000000027,0.0,227.25
40,91.63630191202404,71.35000000000025,0.0,256.5
40,91.37889867027667,72.55000000000027,0.0,363.25
40,92.44996525234717,76.75000000000023,0.0,197.5
40,92.14058194495658,77.35000000000022,0.0,277.0
40,92.78430612978667,84.25000000000014,0.0,291.75
40,90.40202715704699,63.400000000000226,0.0,396.75
40,91.74010785511268,74.5000000000002,0.0,315.75
40,90.24147647676216,60.700000000000315,0.0,340.5
40,92.25295445173006,80.05000000000018,0.0,338.0
40,90.94362464410594,66.85000000000024,0.0,358.5
40,93.00759088985436,85.45000000000013,0.0,267.0
40,92.86540818787502,81.55000000000018,0.0,199.75
40,92.74805905316026,82.30000000000017,0.0,248.25
40,92.80898469604162,83.20000000000016,0.0,252.25
40,92.126730507019,77.80000000000021,0.0,302.75
40,92.4623686778999,80.3500000000002,0.0,268.5
40,91.5203629557185,74.05000000000024,0.0,361.75
40,92.87553032358613,83.50000000000017,0.0,243.75
40,92.60635499185028,81.70000000000017,0.0,266.0
40,92.29387793230092,80.80000000000015,0.0,384.75
40,91.54453488285506,70.45000000000027,0.0,249.0
40,91.65967971827057,72.40000000000013,0.0,317.5
40,91.48481936815728,74.05000000000024,0.0,394.25
40,92.3988653485626,76.90000000000022,0.0,198.75
40,85.66341180412763,38.10000000000019,2.5,378.0
40,21.081561540037082,2.050000000000058,0.0,165.25
40,89.23990861758122,50.65000000000031,0.0,338.75
40,86.902817844504,75.25000000000023,5.0,530.0
40,92.10758313103578,78.10000000000021,0.0,318.25
40,93.20230910949061,86.65000000000012,0.0,239.75
40,21.23464628050972,2.350000000000058,0.0,101.0
40,91.95789864601595,78.10000000000021,0.0,364.75
40,92.79633539209466,82.75000000000017,0.0,244.75
40,92.67030329036851,82.30000000000017,0.0,273.25
40,88.66867130986456,43.00000000000029,0.0,280.0
40,89.63727854388209,53.200000000000315,0.0,294.75
40,89.77436695395647,54.40000000000032,0.0,290.0
40,66.11176444451813,45.300000000000225,25.0,385.5
40,90.41108105421584,59.050000000000324,0.0,243.75
40,90.84689779336742,65.50000000000031,0.0,302.0
40,83.72496872657739,61.800000000000125,7.5,386.75
40,89.08933581542973,49.150000000000304,0.0,349.75
40,91.81127614075623,76.15000000000023,0.0,346.0
40,91.39291128632688,72.10000000000022,0.0,370.25
40,90.30113308150527,58.900000000000325,0.0,268.25
40,90.11727113975019,56.50000000000032,0.0,259.5
40,91.05228909223015,69.40000000000026,0.0,378.0
40,89.64076395990944,53.200000000000315,0.0,293.25
40,90.83430502655915,64.45000000000029,0.0,280.5
40,89.78905605250418,55.00000000000031,0.0,303.0
40,90.65705876040991,63.400000000000325,0.0,294.5
40,91.90823161035976,75.55000000000017,0.0,317.75
40,89.41978541835348,50.650000000000304,0.0,284.0
40,89.34083230725803,52.90000000000031,0.0,394.75
40,90.44565858373149,60.55000000000031,0.0,273.25
40,89.82004213818428,58.0000000000003,0.0,401.0
40,92.0765157931183,78.7000000000002,0.0,342.75
40,83.68066285446668,64.45000000000019,7.5,515.5
40,89.94934428558936,55.150000000000304,0.0,263.25
40,85.2652389371807,32.55000000000022,2.5,321.5
40,91.75254292582356,71.95000000000027,0.0,232.5
40,92.15447994801539,73.45000000000024,0.0,185.25
40,89.47793541497259,55.60000000000026,0.0,491.5
40,92.03049124621106,77.80000000000021,0.0,334.75
40,92.00648727393613,76.75000000000023,0.0,291.0
40,89.47851058549757,50.20000000000028,0.0,257.0
40,91.06620734603004,68.05000000000027,0.0,330.25
40,89.77917090607687,58.150000000000304,0.0,440.25
40,92.14643379940176,77.8000000000002,0.0,298.5
40,92.05533323192748,77.20000000000019,0.0,299.25
40,91.41765067703382,72.55000000000022,0.0,367.5
40,92.13593990177282,78.4000000000002,0.0,325.5
40,77.13653614967544,21.500000000000146,10.0,431.25
40,16.36728059306853,0.0,5.0,171.5
40,89.50057242437197,52.00000000000031,0.0,300.25
40,91.7011515539227,74.50000000000023,0.0,321.25
40,90.6353049864895,67.00000000000026,0.0,506.5
40,91.8266123899112,72.10000000000018,0.0,237.25
40,92.0509041382864,76.60000000000022,0.0,293.0
40,82.17126186837528,32.40000000000022,5.0,716.75
40,91.45545763275906,73.30000000000024,0.0,376.0
40,86.49993269249231,65.40000000000009,5.0,357.25
40,91.43609503418105,70.15000000000029,0.0,280.0
40,90.42191916998712,61.60000000000029,0.0,319.25
40,92.56853994687782,82.30000000000017,0.0,298.75
40,82.01833006398948,23.8500000000002,5.0,361.75
40,89.75944509018953,55.45000000000032,0.0,327.5
40,92.829140945696,83.65000000000015,0.0,262.25
41,92.51748336795524,81.55000000000018,0.0,293.5
41,21.74909220610048,7.150000000000064,0.0,88.0
41,91.81192956230598,74.65000000000018,0.0,330.5
41,90.66655124816143,62.20000000000032,0.0,259.0
41,92.59478198573382,81.25000000000014,0.0,268.25
41,74.45600022999375,62.05000000000023,17.5,477.75
41,91.26044698344548,68.05000000000024,0.0,263.75
41,92.16937699551558,78.7000000000002,0.0,309.75
41,93.17786371948513,83.95000000000016,0.0,187.75
41,91.70578741074378,76.00000000000023,0.0,420.25
41,90.6245125319418,61.90000000000028,0.0,274.75
41,91.48728223267763,70.60000000000028,0.0,272.5
41,92.05155490761501,77.20000000000022,0.0,311.75
41,92.60286137154633,80.95000000000019,0.0,251.5
41,92.8469841850982,82.75000000000017,0.0,234.0
41,91.61466553702087,74.35000000000022,0.0,381.75
41,91.38781516105279,71.3500000000002,0.0,331.0
41,90.85206046331416,65.9500000000003,0.0,314.5
41,90.6118406478277,64.0000000000003,0.0,330.0
41,92.21213390030942,79.0000000000002,0.0,302.5
41,92.07966850484753,76.15000000000023,0.0,257.0
41,91.87435259559051,76.30000000000022,0.0,327.5
41,92.38704501459264,79.45000000000019,0.0,286.0
41,91.81420006783077,76.45000000000022,0.0,355.0
41,91.87721677475736,76.15000000000023,0.0,320.75
41,92.8095898391702,83.50000000000016,0.0,262.25
41,92.80808097856665,82.15000000000018,0.0,229.5
41,93.06514125335798,84.25000000000014,0.0,213.5
41,91.87237348319157,76.15000000000023,0.0,319.0
41,92.7153198424447,82.00000000000017,0.0,246.0
41,93.27193168454615,86.80000000000013,0.0,229.0
41,90.60453763722812,62.80000000000031,0.0,293.5
41,93.07044214227177,81.55000000000018,0.0,163.0
41,92.16674997399925,77.80000000000021,0.0,280.25
41,92.26292440644664,76.30000000000021,0.0,217.25
41,89.46838708134834,51.85000000000031,0.0,306.0
41,41.11158740456703,57.00000000000017,30.0,672.75
41,92.31034958592949,80.05000000000018,0.0,315.0
41,92.73670215372337,83.50000000000016,0.0,283.5
41,92.3365739556371,79.0000000000002,0.0,270.5
41,91.06414433779653,69.40000000000029,0.0,358.25
41,92.44624415063299,80.95000000000019,0.0,296.5
41,66.34408672930908,26.90000000000016,22.5,504.75
41,89.3339231901018,50.95000000000031,0.0,319.25
41,89.8294236085537,54.25000000000031,0.0,269.25
41,90.5218143367638,61.30000000000028,0.0,274.75
41,91.72234351923863,74.3500000000002,0.0,310.0
41,89.82943890147189,54.40000000000028,0.0,276.0
41,91.55759731128282,75.10000000000024,0.0,386.5
41,92.51128759250673,81.25000000000017,0.0,281.5
41,89.31683597467259,50.20000000000031,0.0,301.25
41,89.82620982653559,53.95000000000032,0.0,262.25
41,89.46958611062809,54.700000000000315,0.0,419.25
41,89.91649669686873,55.90000000000032,0.0,292.0
41,90.82236962725887,62.95000000000027,0.0,242.75
41,89.5366892347592,52.000000000000306,0.0,289.0
41,91.36105274231215,68.2000000000003,0.0,240.75
41,21.699342551286144,8.800000000000068,0.0,207.75
41,89.27851572194628,49.90000000000029,0.0,304.5
41,89.53877006139192,54.850000000000314,0.0,393.5
41,91.25893733597269,67.60000000000028,0.0,249.25
41,91.06451032996955,67.1500000000003,0.0,287.75
41,91.62192532858255,73.45000000000023,0.0,321.25
41,21.683962777265638,7.300000000000065,0.0,121.25
41,92.44581233601845,78.55000000000018,0.0,224.25
41,92.31359055723402,77.6500000000002,0.0,263.5
41,91.00484202615667,69.10000000000024,0.0,396.25
41,92.3411048927169,78.8500000000002,0.0,258.5
41,91.03552364279588,68.20000000000029,0.0,325.75
41,88.94187597701185,45.85000000000029,0.0,282.5
41,67.98047196307385,63.250000000000185,25.0,435.75
41,90.75743397244455,64.30000000000028,0.0,322.75
41,92.78639340275897,83.50000000000016,0.0,278.0
41,92.23802319331811,80.50000000000018,0.0,339.75
41,90.6912429896059,66.55000000000027,0.0,432.25
41,92.51258313103578,82.15000000000018,0.0,318.25
41,89.66068822383741,53.65000000000032,0.0,302.0
41,92.35764605309012,78.8500000000002,0.0,265.0
41,90.72737450242553,68.20000000000027,0.0,469.75
41,91.11498002661077,66.85000000000024,0.0,276.75
41,91.26958163028263,69.10000000000028,0.0,298.75
41,91.87702915121665,77.80000000000021,0.0,367.5
41,91.05997028427589,66.25000000000028,0.0,261.25
41,21.018651907998017,1.7500000000000582,0.0,188.5
41,92.7217051769599,81.70000000000017,0.0,239.5
41,89.90089241815002,55.450000000000315,0.0,284.0
41,93.22409266262457,85.75000000000013,0.0,211.0
41,11.94188799586237,0.0,10.0,127.25
41,91.71359616842275,75.55000000000022,0.0,369.5
41,21.345415429163808,4.600000000000058,0.0,159.5
41,89.17079358792499,48.400000000000304,0.0,290.75
41,18.773061180254473,2.5000000000000577,2.5,250.0
41,88.93690708850166,46.1500000000003,0.0,293.75
41,91.8143525955905,75.70000000000023,0.0,327.5
41,65.59887717420754,39.2000000000001,25.0,384.25
41,3.818061180254473,10.450000000000072,20.0,250.0
41,92.16968432652332,77.20000000000022,0.0,270.75
41,92.13905104394429,77.6500000000002,0.0,293.5
41,91.78723034235836,75.10000000000024,0.0,316.75
41,1.2830611802544722,7.600000000000065,22.5,250.0
42,92.00801453439584,77.6500000000002,0.0,325.25
42,90.91879556994206,67.9000000000002,0.0,427.0
42,90.24717381831806,58.7500000000003,0.0,279.5
42,93.42402409486041,86.80000000000013,0.0,199.25
42,91.03515363462392,66.10000000000025,0.0,269.5
42,92.54357831470142,81.70000000000016,0.0,280.5
42,92.54094428290264,79.60000000000016,0.0,234.5
42,92.19860680160016,79.90000000000019,0.0,339.75
42,89.92743970410665,54.40000000000025,0.0,252.75
42,91.48737938186977,69.55000000000024,0.0,254.25
42,92.84607775454009,83.05000000000015,0.0,241.0
42,92.14272983723086,76.45000000000022,0.0,257.75
42,92.9975709459761,85.00000000000014,0.0,258.0
42,92.86367476447698,82.00000000000017,0.0,225.25
42,90.04657532975966,59.65000000000022,0.0,408.0
42,92.31651315910074,78.4000000000002,0.0,251.25
42,91.26000902166274,69.10000000000026,0.0,287.75
42,91.9277955461846,74.95000000000024,0.0,271.25
42,90.937780202385,67.00000000000026,0.0,340.0
42,92.2933053556248,78.7000000000002,0.0,274.5
42,93.39580045796173,84.55000000000015,0.0,158.75
42,92.15260077966542,77.20000000000022,0.0,270.0
42,92.76046175261705,83.05000000000015,0.0,269.25
42,91.71864067930507,74.35000000000025,0.0,329.75
42,90.79665161666382,66.70000000000027,0.0,377.25
42,92.19387880763966,78.8500000000002,0.0,305.5
42,93.02799861022561,84.55000000000015,0.0,228.25
42,91.79549595990716,75.70000000000023,0.0,324.0
42,92.6905161479466,84.70000000000014,0.0,344.75
42,90.67428938815014,63.55000000000029,0.0,307.0
42,92.75396927968369,81.55000000000018,0.0,236.75
42,93.08611118506678,84.10000000000015,0.0,205.25
42,91.40756512750285,68.80000000000027,0.0,245.25
42,89.52838708134834,52.450000000000315,0.0,306.0
42,93.22635385786018,87.10000000000011,0.0,251.25
42,92.29559336932837,79.45000000000019,0.0,298.0
42,93.12454100400322,85.45000000000013,0.0,232.5
42,91.1651639566769,70.60000000000028,0.0,364.75
42,92.560320960555,80.80000000000018,0.0,253.5
42,89.14111799883736,49.000000000000306,0.0,330.75
42,89.69847362979459,53.65000000000032,0.0,290.5
42,90.6485888805926,61.75000000000032,0.0,252.0
42,91.96101793423162,73.75000000000026,0.0,225.0
42,90.69098607938612,63.10000000000031,0.0,280.25
42,91.85208750184265,77.95000000000022,0.0,383.25
42,93.1026436454131,85.60000000000014,0.0,260.25
42,90.06070177694477,56.80000000000031,0.0,276.75
42,90.12327505866658,56.950000000000315,0.0,263.5
42,92.51911176929006,77.50000000000021,0.0,188.75
42,89.81456797752517,55.00000000000031,0.0,295.0
42,91.5715854818998,70.15000000000029,0.0,231.75
42,89.84795895907575,55.00000000000031,0.0,285.0
42,89.81524557344669,55.60000000000032,0.0,313.25
42,88.61287097275283,43.15000000000029,0.0,301.25
42,90.1246926977873,58.90000000000032,0.0,338.5
42,90.92864746097842,64.15000000000028,0.0,244.75
42,88.15063263831084,41.350000000000264,0.0,423.0
42,92.08428224801202,78.7000000000002,0.0,339.5
42,90.26559082291644,59.950000000000216,0.0,352.25
42,88.62927515159049,47.950000000000266,0.0,522.75
42,89.67902798224007,56.200000000000195,0.0,436.75
42,92.42188559658346,80.80000000000018,0.0,306.75
42,90.9707805035482,69.25000000000028,0.0,389.0
42,87.98306624987015,38.80000000000028,0.0,369.5
42,91.83976604498982,75.85000000000022,0.0,317.5
42,92.32508609885033,79.3000000000002,0.0,286.25
42,91.5420254466072,73.75000000000017,0.0,362.5
42,92.39505816902206,78.2500000000002,0.0,244.0
42,93.21946903222397,85.45000000000013,0.0,205.75
42,89.1877057143434,49.30000000000031,0.0,315.25
42,92.35671958011102,79.0000000000002,0.0,258.75
42,80.90731401859969,61.15000000000033,10.0,551.75
42,92.40181441319305,77.35000000000018,0.0,215.0
42,92.57100803750447,79.90000000000019,0.0,232.25
42,91.39458149245561,71.80000000000024,0.0,337.5
42,91.0164192537074,66.25000000000031,0.0,273.0
42,91.72414018044168,76.15000000000023,0.0,374.5
42,90.18632047992287,58.30000000000028,0.0,287.25
42,92.9073340699979,84.40000000000015,0.0,255.75
42,92.14579213919602,79.3000000000002,0.0,335.5
42,88.91220941664776,44.9500000000003,0.0,266.0
42,89.59603525194501,53.200000000000315,0.0,307.5
42,91.60939563981601,73.75000000000026,0.0,326.75
42,91.91812144614826,77.35000000000022,0.0,337.75
42,91.65060809335021,74.65000000000023,0.0,349.75
42,90.40580490614056,64.90000000000026,0.0,487.75
42,90.92331223865693,67.45000000000027,0.0,337.75
42,93.07701809231041,85.60000000000014,0.0,255.5
42,70.73253704660539,49.45000000000029,20.0,566.5
42,90.35335107398569,60.700000000000294,0.0,309.75
42,90.34382493862837,59.050000000000324,0.0,261.75
42,92.97219544155624,84.40000000000015,0.0,245.25
42,92.78028039331036,82.45000000000016,0.0,243.0
42,91.05671382326392,66.40000000000026,0.0,275.75
42,91.51684334663776,71.80000000000025,0.0,288.75
42,90.47077576809068,59.20000000000024,0.0,253.75
42,6.428061180254474,14.05000000000008,17.5,250.0
42,91.13024307565983,70.15000000000029,0.0,361.25
42,92.22937641675725,76.60000000000022,0.0,236.25
42,91.83748241140337,75.10000000000016,0.0,315.25
43,92.4512469650946,81.25000000000017,0.0,297.5
43,91.92220087354781,73.90000000000025,0.0,237.0
43,22.492253254872292,13.90000000000008,0.0,67.0
43,92.63009854556837,79.6000000000002,0.0,208.25
43,90.83119706502869,64.3000000000003,0.0,272.75
43,22.061509643173363,10.600000000000072,0.0,100.25
43,92.19769323392616,77.65000000000019,0.0,268.5
43,92.31387103719331,79.7500000000002,0.0,287.75
43,22.306669183207134,12.250000000000076,0.0,72.75
43,16.314574826336987,0.0,5.0,211.75
43,92.67534509607684,80.3500000000002,0.0,215.0
43,93.01826504516913,81.70000000000017,0.0,181.75
43,91.57713899436249,73.60000000000025,0.0,333.25
43,22.393152697586004,14.800000000000082,0.0,142.75
43,92.0548715294837,77.95000000000022,0.0,331.0
43,92.04625339246347,74.95000000000023,0.0,235.75
43,90.80373595112631,65.05000000000028,0.0,301.75
43,92.26519087447767,79.0000000000002,0.0,296.25
43,92.3662300231145,79.00000000000017,0.0,263.0
43,91.96513219112222,78.2500000000002,0.0,368.0
43,92.7516599686124,82.00000000000017,0.0,247.0
43,92.57651896646655,82.00000000000017,0.0,294.75
43,92.83105781098325,84.25000000000014,0.0,278.75
43,92.16583616271475,78.8500000000002,0.0,312.25
43,92.68049089017336,80.95000000000019,0.0,229.0
43,91.93876820984875,75.70000000000023,0.0,286.25
43,92.3768324785899,80.80000000000018,0.0,314.5
43,92.01286473880373,78.10000000000021,0.0,343.25
43,92.86812740578542,84.40000000000015,0.0,263.75
43,90.41444525334212,61.00000000000033,0.0,297.0
43,93.68943072690827,88.75000000000011,0.0,181.0
43,93.05361349090823,85.00000000000014,0.0,234.75
43,91.85278979955861,73.00000000000023,0.0,236.25
43,22.371297315734356,13.300000000000079,0.0,85.5
43,92.86257544840765,83.50000000000016,0.0,252.0
43,92.48510070178403,80.95000000000017,0.0,278.75
43,92.13109175439678,77.35000000000022,0.0,280.25
43,92.8919841850982,83.20000000000016,0.0,234.0
43,92.97792864302548,85.30000000000014,0.0,267.5
43,22.55132215509955,14.500000000000082,0.0,67.25
43,22.429814121051926,13.75000000000008,0.0,81.0
43,91.58524082679614,70.45000000000026,0.0,236.5
43,91.77334848174621,71.95000000000026,0.0,236.25
43,90.78823882346234,62.8000000000003,0.0,243.5
43,92.75045133345381,85.15000000000015,0.0,330.5
43,90.34879826585193,61.90000000000018,0.0,447.25
43,22.55132215509955,14.500000000000082,0.0,67.25
43,22.23702938067913,11.950000000000076,0.0,85.25
43,92.22364767540535,76.45000000000022,0.0,227.75
43,22.24106444660328,11.800000000000075,0.0,79.0
43,91.47015499730028,70.60000000000025,0.0,284.25
43,22.264470294780082,11.650000000000075,0.0,67.75
43,90.8606423763843,64.15000000000032,0.0,260.5
43,22.280567388208524,12.400000000000077,0.0,85.75
43,25.5741714257868,16.000000000000085,20.0,242.5
43,91.38953212379245,69.10000000000029,0.0,252.0
43,68.90999562629305,51.150000000000226,22.5,413.0
43,22.48853350654368,14.950000000000083,0.0,103.5
43,21.19785249347585,2.5000000000000577,0.0,124.25
43,92.10681910656967,76.30000000000022,0.0,295.75
43,92.13944459078411,79.1500000000002,0.0,360.0
43,90.91428363360346,68.5000000000003,0.0,380.25
43,90.80381947152091,66.70000000000029,0.0,353.25
43,91.5362040034237,69.85000000000028,0.0,234.25
43,22.241961491955568,11.350000000000074,0.0,65.75
43,91.77690902220813,75.10000000000024,0.0,317.5
43,91.7184757593279,74.65000000000023,0.0,340.5
43,91.24785928182894,70.75000000000026,0.0,356.75
43,92.5583063136926,81.10000000000018,0.0,266.5
43,22.47632215509955,13.75000000000008,0.0,67.25
43,91.2250507913502,69.25000000000028,0.0,310.5
43,89.87189027746399,61.15000000000033,0.0,545.0
43,93.47381435888668,86.80000000000013,0.0,183.25
43,92.18960287111067,75.40000000000023,0.0,211.5
43,92.17016935287877,78.55000000000021,0.0,318.5
43,90.75839154078031,62.95000000000031,0.0,258.25
43,92.42476338959986,80.95000000000019,0.0,302.25
43,22.214105058165337,11.350000000000074,0.0,73.5
43,92.09197820616556,76.75000000000016,0.0,304.0
43,91.8035765115955,75.55000000000024,0.0,337.25
43,22.47339030623558,14.350000000000081,0.0,86.5
43,22.295567388208525,12.550000000000077,0.0,85.75
43,92.39817072087084,80.65000000000018,0.0,309.0
43,22.500532270019473,15.100000000000083,0.0,104.75
43,91.698606907271,74.05000000000024,0.0,308.5
43,92.50734050859586,80.95000000000019,0.0,281.5
43,91.51076172520669,70.3000000000002,0.0,267.0
43,91.7243525955905,74.80000000000024,0.0,327.5
43,91.77950946600915,74.50000000000024,0.0,294.75
43,22.440807225583367,13.45000000000008,0.0,68.75
43,92.205006828687,78.7000000000002,0.0,299.0
43,92.2235412345041,78.4000000000002,0.0,290.25
43,22.447139719217503,13.90000000000008,0.0,80.25
43,92.02739162758954,77.80000000000021,0.0,323.25
43,22.014889106652337,9.40000000000007,0.0,74.75
43,92.75028039331036,82.15000000000016,0.0,243.0
43,93.27184318006236,84.40000000000015,0.0,177.25
43,93.17274951489095,86.35000000000014,0.0,241.75
43,16.28306118025447,0.10000000000005851,5.0,250.0
43,92.99251491325322,85.30000000000015,0.0,258.75
44,92.62895779165976,81.40000000000018,0.0,252.75
44,91.8371846260203,74.6500000000002,0.0,330.0
44,91.74568679414631,73.75000000000024,0.0,284.5
44,91.13392948806421,65.35000000000026,0.0,236.25
44,91.647120822589,75.10000000000022,0.0,387.25
44,91.97358257050854,76.60000000000022,0.0,302.25
44,92.25210897776623,77.80000000000021,0.0,257.0
44,91.41077676413009,69.85000000000025,0.0,280.5
44,92.98504182976792,83.65000000000015,0.0,217.25
44,92.61054207177382,81.55000000000018,0.0,271.25
44,92.04100783253101,75.70000000000023,0.0,254.75
44,89.83106905551739,56.800000000000324,0.0,347.25
44,92.56815664014711,80.20000000000019,0.0,239.0
44,89.97892771670908,58.90000000000032,0.0,376.75
44,92.74602608162986,82.60000000000016,0.0,262.0
44,92.1836956125281,76.45000000000022,0.0,264.75
44,92.11256187054312,79.1500000000002,0.0,338.5
44,91.7624328922782,75.55000000000024,0.0,333.0
44,92.02411022979315,76.60000000000022,0.0,283.5
44,91.54478016021262,73.60000000000025,0.0,337.75
44,92.68533482598174,83.05000000000015,0.0,278.0
44,92.6062735028158,81.55000000000018,0.0,260.5
44,92.3157834019998,79.3000000000002,0.0,289.5
44,91.83409853488492,77.80000000000018,0.0,414.75
44,89.3997586720432,52.300000000000274,0.0,393.5
44,93.23775270309953,86.20000000000013,0.0,224.25
44,92.59816126181941,81.10000000000018,0.0,268.5
44,91.6025351737654,70.45000000000024,0.0,235.5
44,91.52477170929271,72.85000000000025,0.0,328.5
44,92.10391031542841,77.05000000000021,0.0,275.25
44,91.50088349660278,72.25000000000026,0.0,311.0
44,92.2997967322638,79.7500000000002,0.0,312.5
44,92.78975056545322,82.45000000000016,0.0,242.75
44,91.47966954987093,70.15000000000029,0.0,254.5
44,93.00469614281414,80.20000000000019,0.0,151.75
44,89.60998733159272,53.80000000000031,0.0,322.25
44,92.44259004755453,80.20000000000019,0.0,274.75
44,92.64512534520094,83.20000000000016,0.0,296.0
44,90.05726944522848,58.600000000000286,0.0,366.75
44,91.15025095379204,66.70000000000029,0.0,254.5
44,91.378762677021,67.9000000000003,0.0,228.0
44,91.4492536003539,69.55000000000028,0.0,247.25
44,81.99381099198929,46.950000000000145,7.5,483.25
44,90.39918146922612,61.450000000000195,0.0,364.75
44,92.02478525691667,77.50000000000021,0.0,322.25
44,90.77638893377659,66.40000000000029,0.0,354.0
44,91.09644996367253,66.40000000000028,0.0,263.25
44,92.54587674531139,80.50000000000017,0.0,256.25
44,92.56177466354627,79.90000000000018,0.0,245.5
44,86.77578282307611,53.05000000000029,2.5,584.5
44,92.46731964395661,80.80000000000018,0.0,289.5
44,92.92247307318648,83.05000000000015,0.0,218.0
44,93.19772878170451,84.40000000000015,0.0,189.5
44,87.89656029703767,59.25000000000015,2.5,361.75
44,91.09209566641468,67.60000000000028,0.0,294.0
44,91.49931265741884,70.75000000000026,0.0,264.0
44,92.15717323533583,77.95000000000022,0.0,293.0
44,90.0455349360048,61.45000000000026,0.0,455.0
44,91.8695904559891,75.10000000000024,0.0,285.25
44,91.67211905048423,74.20000000000024,0.0,324.25
44,92.72698418509819,81.55000000000018,0.0,234.0
44,92.62400497916374,80.50000000000018,0.0,235.0
44,90.29007871522599,60.85000000000026,0.0,351.0
44,91.797884682682,76.30000000000022,0.0,352.25
44,91.31398638793458,70.60000000000026,0.0,316.0
44,92.89348832945662,84.40000000000015,0.0,264.75
44,92.46061585216879,81.10000000000018,0.0,298.5
44,91.62312524598273,73.60000000000024,0.0,310.75
44,92.62469672942774,82.00000000000017,0.0,277.5
44,91.59670180718345,71.05000000000024,0.0,259.25
44,92.15700635542592,78.10000000000021,0.0,285.75
44,92.52406853838411,81.55000000000018,0.0,289.5
44,91.86191088400378,76.60000000000022,0.0,341.0
44,91.68752009490487,70.15000000000026,0.0,210.5
44,92.35617650483917,77.20000000000022,0.0,214.25
44,91.33261357104969,72.25000000000026,0.0,364.5
44,91.10180253167707,67.00000000000028,0.0,275.5
44,92.89799463647434,84.70000000000014,0.0,263.5
44,92.3147967322638,79.90000000000019,0.0,312.5
44,93.35060149083796,85.00000000000014,0.0,176.25
44,20.288061180254473,17.65000000000007,2.5,250.0
44,-1.2069388197455282,5.20000000000006,25.0,250.0
44,91.68088349660279,74.05000000000024,0.0,311.0
44,92.71532346502718,82.45000000000016,0.0,265.5
44,2.8730611802544717,1.0000000000000586,20.0,250.0
44,91.6727166999657,75.25000000000023,0.0,349.0
44,91.45118641877019,70.90000000000026,0.0,287.25
44,91.73635432207169,72.40000000000026,0.0,245.75
44,24.734494404443048,7.600000000000065,20.0,222.0
44,92.51630768939782,81.25000000000017,0.0,287.0
44,90.8264301508624,68.35000000000022,0.0,488.75
44,89.43982740213848,50.95000000000031,0.0,287.0
44,90.8001920540826,63.40000000000031,0.0,255.25
44,92.97354899332268,84.25000000000014,0.0,239.0
44,92.11929142017448,77.95000000000022,0.0,295.25
44,6.008061180254473,9.85000000000007,17.5,250.0
44,92.25566019336662,78.10000000000021,0.0,299.5
44,89.27406075654226,48.400000000000304,0.0,261.75
44,92.15534846470197,77.95000000000022,0.0,286.75
44,14.708061180254472,6.850000000000064,7.5,250.0
45,92.30291479376784,80.05000000000018,0.0,303.75
45,91.97093666909866,76.45000000000017,0.0,346.5
45,91.7327647203372,72.85000000000025,0.0,267.0
45,90.77906690669089,62.80000000000029,0.0,246.0
45,91.4408200489781,70.60000000000024,0.0,284.25
45,92.50391196600535,83.05000000000017,0.0,336.25
45,92.92748312819971,85.30000000000014,0.0,283.25
45,92.85043313512726,78.4000000000002,0.0,147.25
45,93.03905880276288,85.00000000000014,0.0,242.25
45,92.40863024706216,80.95000000000019,0.0,312.25
45,91.51876968630307,70.45000000000027,0.0,255.25
45,90.54975352335832,63.10000000000027,0.0,327.0
45,92.0777955461846,76.45000000000022,0.0,271.25
45,92.78222887158454,82.45000000000016,0.0,237.5
45,93.31603384044845,86.65000000000012,0.0,210.75
45,92.60998316309453,81.55000000000018,0.0,259.0
45,92.66117260782565,82.75000000000017,0.0,278.75
45,92.85161501005298,83.65000000000015,0.0,261.75
45,91.45296387545814,72.85000000000025,0.0,362.25
45,91.7141731570032,74.35000000000025,0.0,318.75
45,93.09412152958494,86.65000000000012,0.0,265.25
45,92.26047622693596,79.3000000000002,0.0,301.75
45,92.26895356541765,78.55000000000021,0.0,274.0
45,90.71678478666087,67.15000000000028,0.0,420.25
45,89.34344029425199,51.40000000000029,0.0,357.75
45,91.73306885294151,73.30000000000021,0.0,318.0
45,92.32613277550688,81.10000000000018,0.0,327.75
45,91.95774067239546,73.90000000000023,0.0,238.25
45,92.20956508524011,76.75000000000021,0.0,243.25
45,91.60218599683425,73.45000000000024,0.0,316.5
45,93.11079650176292,85.90000000000013,0.0,254.75
45,91.77884278615032,75.25000000000023,0.0,324.25
45,93.64757871251612,89.2000000000001,0.0,195.0
45,91.9761730809366,73.90000000000022,0.0,226.0
45,91.5308177964169,71.20000000000027,0.0,269.25
45,90.96773995475196,65.95000000000029,0.0,285.0
45,91.20267804076416,71.80000000000027,0.0,434.0
45,84.04063646481023,66.40000000000015,7.5,433.25
45,92.27990884382102,76.4500000000002,0.0,226.0
45,90.46691293885839,60.550000000000274,0.0,275.75
45,90.78870194602885,63.55000000000032,0.0,266.75
45,92.07875741610225,75.25000000000023,0.0,235.25
45,92.21580093891671,73.45000000000024,0.0,171.75
45,90.20027132276279,61.75000000000021,0.0,420.75
45,91.94734203984967,76.30000000000022,0.0,300.75
45,90.68263336063964,65.80000000000027,0.0,367.75
45,90.10348576849921,58.00000000000028,0.0,302.75
45,92.32063181008806,78.2500000000002,0.0,248.75
45,92.7367395835019,81.70000000000017,0.0,239.25
45,91.96876554820582,75.55000000000021,0.0,297.25
45,92.13573717188777,79.1500000000002,0.0,335.75
45,93.01639031826218,82.75000000000017,0.0,194.5
45,92.67362323704148,79.1500000000002,0.0,189.0
45,90.81182790425251,65.20000000000029,0.0,324.25
45,89.17302222630768,54.10000000000022,0.0,574.75
45,91.06438773209054,64.90000000000026,0.0,233.5
45,91.80412023656343,76.60000000000022,0.0,365.5
45,92.33039273501059,79.90000000000019,0.0,294.75
45,91.01675792126763,70.90000000000028,0.0,445.5
45,92.22507213551638,78.10000000000021,0.0,273.75
45,92.85480449108239,83.65000000000015,0.0,261.25
45,92.45010485859856,81.85000000000016,0.0,327.5
45,90.34676922980886,61.30000000000028,0.0,343.0
45,91.84813100504302,76.00000000000023,0.0,326.75
45,90.40921180102009,61.60000000000031,0.0,320.75
45,91.55076313188324,73.30000000000025,0.0,324.25
45,91.67139330604299,74.05000000000024,0.0,314.25
45,92.31741076979809,79.1500000000002,0.0,273.75
45,93.18469914219548,87.25000000000011,0.0,262.25
45,91.61487922572479,72.70000000000022,0.0,293.75
45,21.232308419788538,4.000000000000057,0.0,197.25
45,93.08108227784834,84.40000000000015,0.0,212.75
45,93.33854502817971,88.00000000000011,0.0,236.5
45,92.02598991559098,74.95000000000023,0.0,244.0
45,92.13858614299392,74.80000000000024,0.0,210.0
45,91.25924171553375,72.10000000000026,0.0,386.0
45,91.22436453256309,68.35000000000028,0.0,278.75
45,91.77037585154402,75.40000000000018,0.0,324.0
45,91.5443525955905,73.00000000000026,0.0,327.5
45,88.49214520589173,65.50000000000023,2.5,436.25
45,91.40896877827392,73.30000000000025,0.0,376.0
45,12.413061180254472,6.4000000000000625,10.0,250.0
45,91.9256410197726,76.45000000000022,0.0,321.0
45,91.28006771071611,70.15000000000029,0.0,311.75
45,91.40211489056256,70.15000000000029,0.0,276.5
45,92.8112724039909,82.45000000000016,0.0,236.5
45,92.10872476558669,76.60000000000022,0.0,268.0
45,89.6422303731099,52.30000000000031,0.0,267.5
45,89.96618562711944,55.90000000000032,0.0,279.0
45,92.83755698264216,83.20000000000016,0.0,245.5
45,92.76314057996146,82.30000000000017,0.0,243.75
45,91.29260834122563,70.45000000000023,0.0,320.5
45,88.60873242395175,41.500000000000284,0.0,255.25
45,91.63503055880432,72.55000000000024,0.0,292.5
45,91.85887669336252,76.60000000000022,0.0,345.75
45,91.26485398980628,70.30000000000018,0.0,372.25
45,-0.14193881974552558,15.850000000000085,25.0,250.0
45,89.58950901414198,53.05000000000031,0.0,305.75
45,10.013061180254471,4.900000000000059,12.5,250.0
45,92.25479009627034,77.50000000000021,0.0,243.75
46,91.71372550769165,75.55000000000024,0.0,359.0
46,92.60968471098094,82.60000000000016,0.0,323.0
46,92.28555550472579,79.75000000000018,0.0,302.25
46,92.05168098251825,74.05000000000024,0.0,224.5
46,92.76770972763866,81.25000000000017,0.0,218.25
46,92.21690759347224,78.4000000000002,0.0,287.5
46,91.96166063531771,74.95000000000024,0.0,260.0
46,92.8363775473576,81.85000000000016,0.0,217.25
46,93.31046104290449,86.05000000000013,0.0,199.25
46,91.68524928827658,73.0000000000002,0.0,287.0
46,92.11919434189548,76.30000000000022,0.0,250.5
46,89.88577061847695,57.25000000000033,0.0,343.75
46,92.39037538976689,80.95000000000019,0.0,315.0
46,92.27397495272598,78.10000000000021,0.0,266.25
46,91.93687550728332,76.30000000000022,0.0,304.5
46,92.62071823718048,82.00000000000017,0.0,268.25
46,91.95288411859663,76.45000000000022,0.0,304.25
46,92.00047150213781,77.50000000000021,0.0,316.75
46,92.48286738887359,81.25000000000017,0.0,286.5
46,91.80643912537982,75.10000000000022,0.0,306.5
46,92.70345295047086,82.75000000000017,0.0,267.75
46,92.58176926085955,81.70000000000017,0.0,278.75
46,91.74102042426375,75.25000000000023,0.0,333.5
46,92.52407194728544,81.70000000000017,0.0,288.75
46,91.87223347082679,72.70000000000024,0.0,224.0
46,90.7288093518028,65.95000000000017,0.0,406.0
46,90.98803472506235,69.10000000000028,0.0,374.75
46,90.6612336187872,62.95000000000032,0.0,280.0
46,93.04261170543266,83.50000000000016,0.0,202.25
46,91.55682915810003,73.90000000000025,0.0,344.5
46,92.58806679208234,80.80000000000018,0.0,248.75
46,93.0770180923104,85.60000000000014,0.0,255.5
46,92.9738520509298,85.15000000000015,0.0,280.5
46,90.4934840075293,60.8500000000003,0.0,268.75
46,92.28854509599714,76.90000000000022,0.0,230.75
46,90.67699881198963,63.1000000000003,0.0,284.25
46,93.04129498949575,85.90000000000013,0.0,265.0
46,21.797882926020595,8.350000000000067,0.0,117.0
46,91.78849491910093,71.05000000000025,0.0,207.5
46,90.92061452185729,65.0500000000003,0.0,266.75
46,91.5368790860275,70.15000000000028,0.0,242.5
46,18.526839589706977,0.0,2.5,246.25
46,93.27419561623998,86.35000000000014,0.0,213.75
46,93.06784265304675,85.75000000000014,0.0,251.0
46,90.40680725906014,62.200000000000266,0.0,338.75
46,90.16261002663728,57.85000000000031,0.0,280.5
46,91.20757876207436,70.45000000000027,0.0,352.75
46,93.4582194253047,88.60000000000011,0.0,222.25
46,93.47708412634833,87.25000000000011,0.0,194.75
46,92.47698842737283,81.10000000000018,0.0,296.0
46,91.91281021828114,74.65000000000022,0.0,276.0
46,89.32049663779954,51.40000000000026,0.0,357.75
46,92.17075981576531,76.45000000000022,0.0,242.0
46,92.85158187479095,82.00000000000017,0.0,225.75
46,90.05996410248198,57.400000000000325,0.0,294.25
46,91.68639330604299,74.20000000000024,0.0,314.25
46,92.53034491757518,82.45000000000016,0.0,327.25
46,91.46792800498382,72.70000000000026,0.0,355.75
46,92.43857514171631,81.10000000000018,0.0,311.75
46,92.52806679208236,80.20000000000019,0.0,248.75
46,92.63542686042945,81.25000000000017,0.0,257.0
46,22.093268493507402,10.750000000000073,0.0,93.75
46,92.9570180923104,84.40000000000015,0.0,255.5
46,91.40263912402003,70.90000000000026,0.0,298.5
46,92.38346708416812,79.3000000000002,0.0,265.25
46,92.8820180923104,83.65000000000015,0.0,255.5
46,92.55905250498309,80.80000000000017,0.0,260.0
46,91.78559048446225,77.20000000000022,0.0,380.5
46,92.52689159904375,79.90000000000019,0.0,238.75
46,92.11313395917949,77.35000000000022,0.0,286.0
46,92.33046268830951,80.20000000000019,0.0,320.25
46,90.11615404022616,56.5000000000003,0.0,255.75
46,92.47498550143308,78.2500000000002,0.0,213.5
46,93.07980449108238,85.90000000000013,0.0,261.25
46,91.23752648705573,68.65000000000026,0.0,283.0
46,91.57571811682391,72.85000000000016,0.0,317.0
46,91.752884682682,75.85000000000022,0.0,352.25
46,89.76175570100712,59.350000000000264,0.0,538.5
46,92.11183744271628,77.6500000000002,0.0,299.25
46,92.39605458910702,79.7500000000002,0.0,272.25
46,91.41743988369035,72.40000000000026,0.0,339.25
46,91.53227914985179,71.50000000000027,0.0,277.75
46,91.71088349660279,74.35000000000025,0.0,311.0
46,92.27359165381402,77.05000000000021,0.0,267.5
46,90.36467711943152,59.50000000000032,0.0,266.5
46,91.61663927804013,70.45000000000027,0.0,231.75
46,91.43090964499642,73.75000000000026,0.0,383.75
46,91.84067666431929,75.85000000000022,0.0,321.25
46,91.44925518580035,72.55000000000024,0.0,347.25
46,22.015067543503452,9.100000000000069,0.0,66.25
46,90.21093000211168,59.35000000000025,0.0,367.75
46,92.67102608162986,81.85000000000016,0.0,262.0
46,74.6850067324358,63.25000000000019,17.5,457.0
46,21.56580399669285,5.800000000000061,0.0,106.75
46,90.49961984127395,61.60000000000031,0.0,290.0
46,90.14217422987555,58.150000000000304,0.0,296.75
46,92.28462233790358,80.95000000000019,0.0,345.75
46,90.07272024249191,57.25000000000033,0.0,285.25
46,92.09148005191699,78.2500000000002,0.0,318.5
46,91.68213899436249,74.65000000000023,0.0,333.25
47,92.15112677092628,79.1500000000002,0.0,326.25
47,92.81382673004046,80.95000000000016,0.0,223.25
47,91.84865508455279,73.75000000000021,0.0,270.0
47,92.1885906573508,76.30000000000022,0.0,238.25
47,91.64957983092806,72.10000000000022,0.0,284.0
47,92.58929932895981,83.35000000000016,0.0,320.0
47,92.45210224590166,80.65000000000018,0.0,277.0
47,92.67475188675985,80.3500000000002,0.0,231.75
47,93.659239452357,89.5000000000001,0.0,198.5
47,90.82204650663344,66.25000000000026,0.0,348.5
47,91.88839715074235,74.50000000000021,0.0,262.25
47,90.34191827319636,59.800000000000296,0.0,283.75
47,89.75927216520114,58.30000000000026,0.0,485.0
47,92.77710971753314,81.10000000000018,0.0,216.5
47,92.26058194495657,78.55000000000021,0.0,277.0
47,92.84706679909168,82.90000000000016,0.0,240.0
47,91.57709040382541,73.00000000000026,0.0,314.75
47,92.33180538909667,80.05000000000018,0.0,302.25
47,91.51783390685222,74.35000000000025,0.0,376.5
47,91.22744082926663,68.50000000000026,0.0,284.75
47,93.02802043050215,84.10000000000015,0.0,220.75
47,92.19557698083021,78.4000000000002,0.0,292.25
47,92.75865201377144,82.15000000000018,0.0,240.0
47,92.19273578772399,79.1500000000002,0.0,314.0
47,91.58065294380455,69.85000000000025,0.0,226.5
47,90.33167720267708,61.750000000000206,0.0,400.25
47,91.50860845260661,73.15000000000026,0.0,337.25
47,91.7971757840032,72.40000000000023,0.0,236.75
47,91.65797400994346,73.15000000000025,0.0,313.0
47,92.34177046019116,79.45000000000019,0.0,279.0
47,91.28914433779651,71.65000000000026,0.0,358.25
47,92.8970180923104,83.80000000000015,0.0,255.5
47,92.29219763492114,79.45000000000019,0.0,305.25
47,91.12487201683078,66.25000000000027,0.0,249.75
47,92.98274585029718,82.15000000000018,0.0,191.25
47,90.82696448977907,65.05000000000027,0.0,293.75
47,91.20635130026392,71.95000000000023,0.0,425.75
47,91.75520575955804,71.80000000000024,0.0,232.0
47,90.4077112959857,60.100000000000335,0.0,272.25
47,90.7588168129,63.10000000000025,0.0,262.0
47,92.82255690452484,83.65000000000015,0.0,258.75
47,91.56941485492625,73.90000000000025,0.0,349.25
47,91.0759075920369,67.60000000000026,0.0,305.5
47,88.82975442921108,46.75000000000028,0.0,362.75
47,91.79314816172891,74.50000000000023,0.0,315.75
47,92.4503934099746,81.25000000000017,0.0,307.75
47,91.32458168637804,71.80000000000021,0.0,394.0
47,91.83313100504301,75.85000000000022,0.0,326.75
47,7.290935180680734,0.0,15.0,232.75
47,91.15213748484116,66.70000000000026,0.0,260.5
47,91.15449131214442,68.80000000000024,0.0,347.0
47,92.32073606078947,76.3000000000002,0.0,239.75
47,92.20543816852512,75.55000000000024,0.0,216.75
47,91.6943525955905,74.50000000000024,0.0,327.5
47,88.51483823653449,47.200000000000216,0.0,555.0
47,93.4129562485119,86.65000000000013,0.0,191.25
47,92.0422857367444,76.00000000000023,0.0,268.0
47,92.77323968285789,82.60000000000016,0.0,256.25
47,92.33326169188808,78.2500000000002,0.0,249.5
47,92.2915739556371,78.55000000000021,0.0,270.5
47,90.9238262696378,67.3000000000003,0.0,333.25
47,10.868061180254474,13.45000000000008,12.5,250.0
47,92.28487016384929,78.8500000000002,0.0,279.5
47,92.90935507706726,82.90000000000015,0.0,229.25
47,92.01905104394429,76.45000000000022,0.0,293.5
47,92.98802356094629,82.90000000000016,0.0,202.25
47,92.30488980891928,79.6000000000002,0.0,300.75
47,92.83273913405034,84.85000000000014,0.0,302.5
47,91.24313317558277,66.70000000000027,0.0,228.25
47,90.84774747818776,64.15000000000023,0.0,289.25
47,91.60794092255,73.45000000000024,0.0,320.5
47,91.88092340899522,73.30000000000025,0.0,232.75
47,91.29877997186212,69.85000000000016,0.0,334.5
47,92.0900721355164,76.75000000000023,0.0,273.75
47,92.13819739063035,76.6000000000002,0.0,321.5
47,92.28113799118194,78.8500000000002,0.0,286.0
47,91.59653781488652,73.15000000000026,0.0,306.75
47,92.09909734498592,76.00000000000023,0.0,254.75
47,91.63055616091489,72.10000000000026,0.0,268.5
47,92.62477058387017,80.80000000000018,0.0,239.75
47,91.94681197931271,75.55000000000021,0.0,316.25
47,88.47478391418282,42.40000000000028,0.0,321.5
47,91.1303530687366,66.5500000000003,0.0,255.25
47,91.26590964499641,72.10000000000026,0.0,383.75
47,92.63277587224063,82.15000000000018,0.0,279.5
47,93.16368924312451,85.45000000000013,0.0,239.5
47,92.48816068142665,79.45000000000019,0.0,243.5
47,92.34731964395661,79.6000000000002,0.0,289.5
47,90.49183503788541,63.25000000000029,0.0,341.75
47,88.73435578081222,46.7500000000003,0.0,391.5
47,92.36933479993542,81.70000000000017,0.0,331.0
47,90.14825323903938,57.700000000000315,0.0,276.75
47,92.46159654114194,81.40000000000018,0.0,299.5
47,90.89941826835742,67.4500000000003,0.0,345.75
47,92.12258313103578,78.2500000000002,0.0,318.25
47,81.75688790277809,46.35000000000016,7.5,548.25
47,90.33598259694398,60.850000000000314,0.0,314.75
47,93.15376531793896,85.90000000000012,0.0,244.75
47,93.26927953410592,86.05000000000013,0.0,211.25
47,80.52108454113454,35.1000000000002,7.5,561.25
48,92.1870130009303,78.2500000000002,0.0,296.25
48,91.9953545097073,77.20000000000022,0.0,337.75
48,93.28775093933476,86.80000000000013,0.0,234.75
48,90.80437788248567,63.700000000000315,0.0,269.75
48,22.449238526129253,14.05000000000008,0.0,84.5
48,92.28188388221022,77.80000000000021,0.0,246.25
48,93.04998023931475,86.20000000000013,0.0,274.75
48,93.23449580752154,83.95000000000016,0.0,183.25
48,92.3027955461846,78.7000000000002,0.0,271.25
48,92.73948850720792,82.90000000000016,0.0,261.75
48,91.98021243765542,76.15000000000023,0.0,285.75
48,89.7529781392053,55.60000000000032,0.0,334.25
48,92.1185412345041,77.35000000000022,0.0,290.25
48,91.92234106136414,74.05000000000018,0.0,259.25
48,91.548606907271,72.55000000000027,0.0,308.5
48,91.857049584295,76.00000000000023,0.0,327.5
48,93.01091427826985,84.25000000000014,0.0,229.75
48,92.71361418240836,82.75000000000017,0.0,271.0
48,93.01684938981259,85.45000000000013,0.0,258.0
48,22.462088947043565,14.350000000000081,0.0,90.5
48,92.1112734501049,76.30000000000022,0.0,256.25
48,92.86477058387017,83.20000000000016,0.0,239.75
48,92.28413016292721,79.0000000000002,0.0,290.0
48,92.10253424964496,78.55000000000021,0.0,327.25
48,91.07038401772101,66.25000000000026,0.0,274.25
48,92.4103260530476,77.35000000000022,0.0,207.25
48,93.1029540631853,84.40000000000015,0.0,209.25
48,21.74991017406807,8.350000000000067,0.0,141.75
48,92.39761490672142,80.20000000000019,0.0,287.25
48,92.90095909910475,83.65000000000015,0.0,241.75
48,91.84262119560282,75.85000000000022,0.0,323.5
48,92.33258313103578,80.3500000000002,0.0,318.25
48,92.93299525941092,84.70000000000014,0.0,268.75
48,21.433860392681165,4.900000000000059,0.0,126.25
48,91.66514302158595,71.80000000000024,0.0,254.25
48,22.41632215509955,13.150000000000079,0.0,67.25
48,92.4038122026503,80.3500000000002,0.0,295.75
48,91.10493523866127,66.40000000000026,0.0,260.0
48,90.9462296070424,64.45000000000029,0.0,252.25
48,22.22656696529933,11.500000000000075,0.0,74.25
48,90.36137940924885,62.05000000000021,0.0,390.5
48,93.20419521741536,85.00000000000014,0.0,199.5
48,91.54731978652337,73.75000000000024,0.0,342.5
48,21.862139719217502,8.050000000000066,0.0,80.25
48,93.05027666840975,85.15000000000015,0.0,251.0
48,92.91829556047514,83.80000000000015,0.0,266.75
48,90.64391303072787,67.00000000000028,0.0,443.25
48,92.12830535562479,77.05000000000021,0.0,274.5
48,92.5171106601007,77.95000000000022,0.0,196.5
48,91.85753257795606,73.75000000000026,0.0,254.75
48,90.75208974413637,67.45000000000027,0.0,437.75
48,91.53580447443377,69.85000000000028,0.0,239.5
48,92.6337925365236,81.40000000000018,0.0,258.75
48,91.43287204555203,73.0000000000002,0.0,374.75
48,92.64167567164712,82.30000000000017,0.0,291.0
48,92.51034338141415,80.20000000000019,0.0,251.25
48,92.76905880276288,82.30000000000017,0.0,242.25
48,91.91495059647815,76.45000000000022,0.0,322.0
48,92.24558194495657,78.4000000000002,0.0,277.0
48,90.96322095694961,67.45000000000029,0.0,327.25
48,91.6506080933502,74.65000000000023,0.0,349.75
48,93.27704429627425,87.25000000000011,0.0,238.0
48,92.08874278331425,77.35000000000022,0.0,289.25
48,92.58705618339943,78.7000000000002,0.0,207.25
48,92.54130035822364,81.40000000000018,0.0,277.25
48,92.72307432167855,83.20000000000016,0.0,277.75
48,90.65678377696693,62.80000000000025,0.0,294.0
48,90.65023551174382,61.9000000000002,0.0,278.0
48,91.61017512793694,74.05000000000024,0.0,341.75
48,91.21605188771957,68.20000000000027,0.0,280.5
48,21.80707485064728,8.500000000000068,0.0,119.75
48,92.28758313103579,79.90000000000019,0.0,318.25
48,22.092687420801063,12.100000000000076,0.0,161.25
48,92.47007263369358,80.65000000000018,0.0,283.25
48,92.36141430862172,79.6000000000002,0.0,286.0
48,93.33020605038222,87.10000000000012,0.0,219.25
48,91.8039993024901,73.15000000000026,0.0,247.5
48,92.55008609885034,81.55000000000018,0.0,286.25
48,92.78342033490367,83.50000000000016,0.0,262.75
48,22.106856840293602,10.450000000000072,0.0,78.75
48,22.408256160915055,13.300000000000079,0.0,73.75
48,93.25225543099594,86.05000000000013,0.0,211.5
48,91.2992796410877,72.55000000000027,0.0,387.75
48,90.47470652925159,64.90000000000029,0.0,413.25
48,22.353533506543677,13.60000000000008,0.0,103.5
48,92.13632763327607,77.80000000000021,0.0,296.0
48,90.84315200361841,63.550000000000324,0.0,248.5
48,22.207029380679128,11.650000000000075,0.0,85.25
48,92.86017514876286,86.20000000000013,0.0,319.0
48,22.41632215509955,13.150000000000079,0.0,67.25
48,91.41776230660486,72.10000000000026,0.0,342.0
48,92.51028039331037,79.7500000000002,0.0,243.0
48,92.95931021054288,83.95000000000016,0.0,237.0
48,18.560766902688112,0.0,2.5,215.0
48,91.97106972808376,76.30000000000021,0.0,294.75
48,14.408061180254471,3.850000000000057,7.5,250.0
48,28.99962363005278,27.50000000000007,17.5,290.75
48,16.330729134688216,0.0,5.0,198.5
48,72.94294961980634,68.20000000000023,20.0,446.5
48,-0.006938819745526681,17.200000000000074,25.0,250.0
49,91.65768445218163,74.65000000000023,0.0,345.75
49,91.66473248417395,73.15000000000026,0.0,325.0
49,93.62837220238427,89.2000000000001,0.0,203.0
49,90.73151041535648,63.25000000000028,0.0,272.75
49,91.98479800878727,77.6500000000002,0.0,325.0
49,91.77600935691943,76.60000000000022,0.0,361.0
49,92.56983308782758,80.80000000000018,0.0,264.0
49,92.99405880276288,84.55000000000015,0.0,242.25
49,90.8805957927913,68.05000000000021,0.0,391.25
49,92.4407094579107,80.80000000000018,0.0,284.75
49,91.82254833856639,74.95000000000024,0.0,306.75
49,92.29360464912907,77.80000000000021,0.0,247.0
49,92.42782945339681,80.50000000000018,0.0,292.75
49,92.38988995991294,78.55000000000021,0.0,241.5
49,91.33275324232656,72.25000000000026,0.0,364.0
49,92.51719600046647,80.80000000000018,0.0,269.75
49,93.24517799975656,84.85000000000014,0.0,190.75
49,92.61990596949764,80.3500000000002,0.0,229.0
49,92.0993369245172,77.35000000000022,0.0,285.0
49,91.65286485044656,74.95000000000024,0.0,355.5
49,91.59371032952345,74.95000000000024,0.0,376.75
49,91.67556195812541,70.90000000000026,0.0,228.5
49,91.93034081559536,74.95000000000019,0.0,295.5
49,92.35987666326962,80.50000000000018,0.0,301.25
49,92.4610732987622,79.45000000000019,0.0,246.0
49,92.28850534448893,80.50000000000018,0.0,342.75
49,91.86213899436248,76.45000000000022,0.0,333.25
49,92.66159887917384,82.30000000000017,0.0,273.5
49,92.35812466933308,80.65000000000018,0.0,313.25
49,92.00024307999654,74.65000000000023,0.0,238.25
49,92.16953035176925,80.20000000000019,0.0,349.75
49,92.34150076739985,76.45000000000022,0.0,205.25
49,89.79840899855475,54.40000000000032,0.0,283.25
49,91.95255706892215,76.00000000000016,0.0,303.75
49,93.00349254770737,84.40000000000015,0.0,235.75
49,90.38041557349584,62.50000000000029,0.0,354.25
49,93.497025851129,88.15000000000012,0.0,204.25
49,92.46076527712663,80.50000000000018,0.0,279.75
49,89.5784098154661,58.000000000000256,0.0,546.75
49,93.28686883205708,86.50000000000013,0.0,214.0
49,93.20903211450089,85.00000000000014,0.0,198.75
49,90.57794536024488,61.750000000000206,0.0,304.75
49,16.808061180254473,5.35000000000006,5.0,250.0
49,92.02693759032101,74.05000000000024,0.0,221.5
49,93.17254817938999,85.00000000000014,0.0,206.0
49,92.78196236472593,83.20000000000016,0.0,285.0
49,91.7719490821888,75.40000000000023,0.0,354.0
49,92.12405104394429,77.50000000000021,0.0,293.5
49,91.7993525955905,75.55000000000024,0.0,327.5
49,91.24548560605966,72.10000000000026,0.0,391.75
49,92.2277955461846,77.95000000000022,0.0,271.25
49,90.96397261543403,67.60000000000028,0.0,336.0
49,92.03258313103578,77.35000000000022,0.0,318.25
49,92.89319652064701,84.10000000000015,0.0,271.25
49,92.9557625945507,83.80000000000015,0.0,233.25
49,93.07726332078045,83.05000000000015,0.0,190.0
49,92.42711414532656,80.50000000000018,0.0,293.0
49,92.87636028985716,83.80000000000015,0.0,258.5
49,90.9992625455273,65.20000000000027,0.0,256.0
49,14.120951730989258,0.0,7.5,169.0
49,92.19585162363731,78.10000000000021,0.0,288.75
49,91.74066200188541,73.15000000000023,0.0,268.0
49,92.1990510439443,78.2500000000002,0.0,293.5
49,92.05762600903446,77.6500000000002,0.0,312.75
49,93.14385693720764,85.60000000000014,0.0,238.25
49,91.40702675454129,71.95000000000027,0.0,329.25
49,91.56339899606017,71.05000000000027,0.0,255.25
49,91.7080970978308,74.05000000000024,0.0,305.25
49,93.0666256882507,81.55000000000018,0.0,165.0
49,92.71980449108239,82.30000000000017,0.0,261.25
49,92.99083039608612,84.25000000000014,0.0,230.75
49,91.55845236933195,73.15000000000026,0.0,336.0
49,92.91480449108239,84.25000000000014,0.0,261.25
49,90.42081855808323,61.90000000000028,0.0,325.0
49,91.34451997807413,73.45000000000024,0.0,406.5
49,90.92111438010608,67.6000000000003,0.0,353.0
49,92.33201880202296,80.65000000000018,0.0,325.5
49,92.25082791144168,79.0000000000002,0.0,297.25
49,14.038264215103656,0.0,7.5,235.25
49,93.1611558360815,87.10000000000012,0.0,263.75
49,82.84058906175198,34.200000000000216,5.0,503.25
49,93.27905600764669,85.60000000000014,0.0,197.5
49,92.61102608162987,81.25000000000017,0.0,262.0
49,5.288061180254472,2.6500000000000576,17.5,250.0
49,92.2751060427286,79.1500000000002,0.0,295.25
49,92.81159887917383,83.80000000000015,0.0,273.5
49,91.56468280844607,71.05000000000018,0.0,313.5
49,90.56779426641553,63.55000000000029,0.0,332.5
49,91.68180279503107,73.60000000000025,0.0,294.75
49,92.25691588510091,76.90000000000016,0.0,254.0
49,91.33457888891661,72.10000000000026,0.0,357.5
49,92.57977058387017,80.3500000000002,0.0,239.75
49,89.5919344328171,56.80000000000023,0.0,462.25
49,91.59252429659912,70.45000000000027,0.0,233.5
49,91.82844970413433,76.45000000000022,0.0,344.75
49,91.81378775269219,72.10000000000026,0.0,223.25
49,89.55116461543665,55.9000000000002,0.0,539.75
49,-1.1919388197455283,5.35000000000006,25.0,250.0
49,5.303061180254471,2.8000000000000576,17.5,250.0
49,87.15353745380074,56.05000000000027,2.5,544.0
